t # 0
v 0 6
v 1 2
v 2 3
v 3 6
v 4 5
v 5 2
v 6 4
v 7 2
v 8 1
v 9 5
v 10 5
v 11 3
v 12 2
v 13 5
v 14 2
v 15 5
v 16 6
v 17 4
v 18 3
v 19 3
e 0 8 11
e 0 3 15
e 0 5 47
e 1 17 42
e 1 4 57
e 1 5 17
e 2 7 64
e 2 13 61
e 2 4 19
e 2 5 61
e 3 6 4
e 3 18 46
e 3 4 40
e 3 5 0
e 4 8 39
e 4 13 36
e 4 17 55
e 4 5 54
e 5 13 3
e 5 15 19
e 5 16 32
e 5 17 58
e 5 19 42
e 6 7 22
e 6 8 34
e 6 9 43
e 6 10 7
e 6 11 14
e 6 12 7
e 6 13 48
e 6 14 0
e 6 15 28
e 6 16 41
e 7 8 62
e 7 9 16
e 7 12 59
e 7 15 9
e 7 16 14
e 8 9 32
e 8 12 14
e 8 13 29
e 8 15 2
e 8 19 16
e 9 12 2
e 9 15 12
e 10 11 0
e 10 14 4
e 17 19 42
e 18 19 50
t # 1
v 0 4
v 1 2
v 2 1
v 3 5
v 4 5
v 5 3
v 6 2
v 7 5
v 8 2
v 9 5
v 10 6
v 11 4
v 12 3
v 13 3
v 14 6
v 15 2
v 16 3
v 17 6
v 18 5
v 19 2
v 20 1
e 0 1 22
e 0 2 34
e 0 3 43
e 0 4 7
e 0 5 14
e 0 6 7
e 0 7 48
e 0 8 0
e 0 9 28
e 0 10 41
e 0 17 4
e 1 2 62
e 1 3 16
e 1 6 59
e 1 9 9
e 1 10 14
e 1 16 64
e 2 3 32
e 2 6 14
e 2 7 29
e 2 9 2
e 2 13 16
e 2 14 11
e 2 18 39
e 3 6 2
e 3 9 12
e 4 5 0
e 4 8 4
e 7 16 61
e 7 18 36
e 7 19 3
e 9 19 19
e 10 19 32
e 11 13 42
e 11 15 42
e 11 18 55
e 11 19 58
e 12 13 50
e 12 17 46
e 13 19 42
e 13 20 57
e 14 17 15
e 14 19 47
e 15 18 57
e 15 19 17
e 16 18 19
e 16 19 61
e 17 18 40
e 17 19 0
e 18 19 54
t # 2
v 0 4
v 1 2
v 2 1
v 3 5
v 4 5
v 5 3
v 6 2
v 7 5
v 8 2
v 9 5
v 10 6
v 11 4
v 12 3
v 13 3
v 14 6
v 15 2
v 16 3
v 17 6
v 18 5
v 19 2
v 20 6
v 21 1
v 22 1
v 23 6
e 0 1 22
e 0 2 34
e 0 3 43
e 0 4 7
e 0 5 14
e 0 6 7
e 0 7 48
e 0 8 0
e 0 9 28
e 0 10 41
e 0 17 4
e 0 22 10
e 1 2 62
e 1 3 16
e 1 6 59
e 1 9 9
e 1 10 14
e 1 16 64
e 1 20 44
e 1 23 44
e 2 3 32
e 2 6 14
e 2 7 29
e 2 9 2
e 2 13 16
e 2 14 11
e 2 18 39
e 3 6 2
e 3 9 12
e 4 5 0
e 4 8 4
e 7 16 61
e 7 18 36
e 7 19 3
e 7 21 2
e 9 19 19
e 10 19 32
e 11 13 42
e 11 15 42
e 11 18 55
e 11 19 58
e 12 13 50
e 12 17 46
e 13 19 42
e 14 17 15
e 14 19 47
e 15 18 57
e 15 19 17
e 16 18 19
e 16 19 61
e 17 18 40
e 17 19 0
e 18 19 54
t # 3
v 0 4
v 1 2
v 2 1
v 3 5
v 4 5
v 5 3
v 6 2
v 7 5
v 8 2
v 9 5
v 10 6
v 11 4
v 12 3
v 13 3
v 14 6
v 15 2
v 16 3
v 17 6
v 18 5
v 19 2
v 20 6
e 0 1 22
e 0 2 34
e 0 3 43
e 0 4 7
e 0 5 14
e 0 6 7
e 0 7 48
e 0 8 0
e 0 9 28
e 0 10 41
e 0 17 4
e 1 2 62
e 1 3 16
e 1 6 59
e 1 9 9
e 1 10 14
e 1 16 64
e 2 3 32
e 2 6 14
e 2 7 29
e 2 9 2
e 2 13 16
e 2 14 11
e 2 18 39
e 3 6 2
e 3 9 12
e 4 5 0
e 4 8 4
e 7 16 61
e 7 18 36
e 7 19 3
e 9 19 19
e 10 19 32
e 11 13 42
e 11 15 42
e 11 18 55
e 11 19 58
e 12 13 50
e 12 17 46
e 13 19 42
e 14 17 15
e 14 19 47
e 15 18 57
e 15 19 17
e 16 18 19
e 16 19 61
e 17 18 40
e 17 19 0
e 18 19 54
e 18 20 4
t # 4
v 0 4
v 1 2
v 2 1
v 3 5
v 4 5
v 5 3
v 6 2
v 7 5
v 8 2
v 9 5
v 10 6
v 11 4
v 12 3
v 13 3
v 14 6
v 15 2
v 16 3
v 17 6
v 18 5
v 19 2
e 0 1 22
e 0 2 34
e 0 3 43
e 0 4 7
e 0 5 14
e 0 6 7
e 0 7 48
e 0 8 0
e 0 9 28
e 0 10 41
e 0 17 4
e 1 2 62
e 1 3 16
e 1 6 59
e 1 9 9
e 1 10 14
e 1 16 64
e 2 3 32
e 2 6 14
e 2 7 29
e 2 9 2
e 2 13 16
e 2 14 11
e 2 18 39
e 3 6 2
e 3 9 12
e 4 5 0
e 4 8 4
e 7 16 61
e 7 18 36
e 7 19 3
e 9 19 19
e 10 19 32
e 11 13 42
e 11 15 42
e 11 18 55
e 11 19 58
e 12 13 50
e 12 17 46
e 13 19 42
e 14 17 15
e 14 19 47
e 15 18 57
e 15 19 17
e 16 18 19
e 16 19 61
e 17 18 40
e 17 19 0
e 18 19 54
t # 5
v 0 4
v 1 2
v 2 1
v 3 5
v 4 5
v 5 3
v 6 2
v 7 5
v 8 2
v 9 5
v 10 6
v 11 4
v 12 3
v 13 3
v 14 6
v 15 2
v 16 3
v 17 6
v 18 5
v 19 2
e 0 1 22
e 0 2 34
e 0 3 43
e 0 4 7
e 0 5 14
e 0 6 7
e 0 7 48
e 0 8 0
e 0 9 28
e 0 10 41
e 0 17 4
e 1 2 62
e 1 3 16
e 1 6 59
e 1 9 9
e 1 10 14
e 1 16 64
e 2 3 32
e 2 6 14
e 2 7 29
e 2 9 2
e 2 13 16
e 2 14 11
e 2 18 39
e 3 6 2
e 3 9 12
e 4 5 0
e 4 8 4
e 7 16 61
e 7 18 36
e 7 19 3
e 9 19 19
e 10 19 32
e 11 13 42
e 11 15 42
e 11 18 55
e 11 19 58
e 12 13 50
e 12 17 46
e 13 19 42
e 14 17 15
e 14 19 47
e 15 18 57
e 15 19 17
e 16 18 19
e 16 19 61
e 17 18 40
e 17 19 0
e 18 19 54
t # 6
v 0 3
v 1 3
v 2 6
v 3 2
v 4 3
v 5 6
v 6 5
v 7 2
v 8 1
v 9 4
v 10 2
v 11 1
v 12 5
v 13 5
v 14 3
v 15 2
v 16 5
v 17 2
v 18 5
v 19 6
v 20 4
e 0 1 50
e 0 5 46
e 1 11 16
e 1 20 42
e 1 7 42
e 2 11 11
e 2 5 15
e 2 7 47
e 2 8 2
e 3 20 42
e 3 6 57
e 3 7 17
e 4 10 64
e 4 16 61
e 4 6 19
e 4 7 61
e 5 9 4
e 5 6 40
e 5 7 0
e 6 11 39
e 6 16 36
e 6 20 55
e 6 7 54
e 7 16 3
e 7 18 19
e 7 19 32
e 7 20 58
e 9 10 22
e 9 11 34
e 9 12 43
e 9 13 7
e 9 14 14
e 9 15 7
e 9 16 48
e 9 17 0
e 9 18 28
e 9 19 41
e 10 11 62
e 10 12 16
e 10 15 59
e 10 18 9
e 10 19 14
e 11 12 32
e 11 15 14
e 11 16 29
e 11 18 2
e 12 15 2
e 12 18 12
e 13 14 0
e 13 17 4
t # 7
v 0 4
v 1 2
v 2 1
v 3 5
v 4 5
v 5 3
v 6 2
v 7 5
v 8 2
v 9 5
v 10 6
v 11 4
v 12 3
v 13 3
v 14 6
v 15 2
v 16 3
v 17 6
v 18 5
v 19 2
e 0 1 22
e 0 2 34
e 0 3 43
e 0 4 7
e 0 5 14
e 0 6 7
e 0 7 48
e 0 8 0
e 0 9 28
e 0 10 41
e 0 17 4
e 1 2 62
e 1 3 16
e 1 6 59
e 1 9 9
e 1 10 14
e 1 16 64
e 2 3 32
e 2 6 14
e 2 7 29
e 2 9 2
e 2 13 16
e 2 14 11
e 2 18 39
e 3 6 2
e 3 9 12
e 4 5 0
e 4 8 4
e 7 16 61
e 7 18 36
e 7 19 3
e 9 19 19
e 10 19 32
e 11 13 42
e 11 15 42
e 11 18 55
e 11 19 58
e 12 13 50
e 12 17 46
e 13 19 42
e 14 17 15
e 14 19 47
e 15 18 57
e 15 19 17
e 16 18 19
e 16 19 61
e 17 18 40
e 17 19 0
e 18 19 54
t # 8
v 0 4
v 1 2
v 2 1
v 3 5
v 4 5
v 5 3
v 6 2
v 7 5
v 8 2
v 9 5
v 10 6
v 11 4
v 12 3
v 13 3
v 14 6
v 15 2
v 16 3
v 17 6
v 18 5
v 19 2
v 20 1
e 0 1 22
e 0 2 34
e 0 3 43
e 0 4 7
e 0 5 14
e 0 6 7
e 0 7 48
e 0 8 0
e 0 9 28
e 0 10 41
e 0 17 4
e 1 2 62
e 1 3 16
e 1 6 59
e 1 9 9
e 1 10 14
e 1 16 64
e 2 3 32
e 2 6 14
e 2 7 29
e 2 9 2
e 2 13 16
e 2 14 11
e 2 18 39
e 3 6 2
e 3 9 12
e 4 5 0
e 4 8 4
e 7 16 61
e 7 18 36
e 7 19 3
e 9 19 19
e 10 19 32
e 11 13 42
e 11 15 42
e 11 18 55
e 11 19 58
e 12 13 50
e 12 17 46
e 13 19 42
e 14 17 15
e 14 19 47
e 14 20 57
e 15 18 57
e 15 19 17
e 16 18 19
e 16 19 61
e 17 18 40
e 17 19 0
e 18 19 54
t # 9
v 0 4
v 1 2
v 2 1
v 3 5
v 4 5
v 5 3
v 6 2
v 7 5
v 8 2
v 9 5
v 10 6
v 11 4
v 12 3
v 13 3
v 14 6
v 15 2
v 16 3
v 17 6
v 18 5
v 19 2
e 0 1 22
e 0 2 34
e 0 3 43
e 0 4 7
e 0 5 14
e 0 6 7
e 0 7 48
e 0 8 0
e 0 9 28
e 0 10 41
e 0 17 4
e 1 2 62
e 1 3 16
e 1 6 59
e 1 9 9
e 1 10 14
e 1 16 64
e 2 3 32
e 2 6 14
e 2 7 29
e 2 9 2
e 2 13 16
e 2 14 11
e 2 18 39
e 3 6 2
e 3 9 12
e 4 5 0
e 4 8 4
e 7 16 61
e 7 18 36
e 7 19 3
e 9 19 19
e 10 19 32
e 11 13 42
e 11 15 42
e 11 18 55
e 11 19 58
e 12 13 50
e 12 17 46
e 13 19 42
e 14 17 15
e 14 19 47
e 15 18 57
e 15 19 17
e 16 18 19
e 16 19 61
e 17 18 40
e 17 19 0
e 18 19 54
t # 10
v 0 4
v 1 2
v 2 1
v 3 5
v 4 5
v 5 3
v 6 2
v 7 5
v 8 2
v 9 5
v 10 6
v 11 4
v 12 3
v 13 3
v 14 6
v 15 2
v 16 3
v 17 6
v 18 5
v 19 2
e 0 1 22
e 0 2 34
e 0 3 43
e 0 4 7
e 0 5 14
e 0 6 7
e 0 7 48
e 0 8 0
e 0 9 28
e 0 10 41
e 0 17 4
e 1 2 62
e 1 3 16
e 1 6 59
e 1 9 9
e 1 10 14
e 1 16 64
e 2 3 32
e 2 6 14
e 2 7 29
e 2 9 2
e 2 13 16
e 2 14 11
e 2 18 39
e 3 6 2
e 3 9 12
e 4 5 0
e 4 8 4
e 7 16 61
e 7 18 36
e 7 19 3
e 9 19 19
e 10 19 32
e 11 13 42
e 11 15 42
e 11 18 55
e 11 19 58
e 12 13 50
e 12 17 46
e 13 19 42
e 14 17 15
e 14 19 47
e 15 18 57
e 15 19 17
e 16 18 19
e 16 19 61
e 17 18 40
e 17 19 0
e 18 19 54
t # 11
v 0 4
v 1 2
v 2 1
v 3 5
v 4 5
v 5 3
v 6 2
v 7 5
v 8 2
v 9 5
v 10 6
v 11 4
v 12 3
v 13 3
v 14 6
v 15 2
v 16 3
v 17 6
v 18 5
v 19 2
v 20 1
e 0 1 22
e 0 2 34
e 0 3 43
e 0 4 7
e 0 5 14
e 0 6 7
e 0 7 48
e 0 8 0
e 0 9 28
e 0 10 41
e 0 17 4
e 1 2 62
e 1 3 16
e 1 6 59
e 1 9 9
e 1 10 14
e 1 16 64
e 1 20 10
e 2 3 32
e 2 6 14
e 2 7 29
e 2 9 2
e 2 13 16
e 2 14 11
e 2 18 39
e 3 6 2
e 3 9 12
e 4 5 0
e 4 8 4
e 7 16 61
e 7 18 36
e 7 19 3
e 9 19 19
e 10 19 32
e 11 13 42
e 11 15 42
e 11 18 55
e 11 19 58
e 12 13 50
e 12 17 46
e 13 19 42
e 14 17 15
e 14 19 47
e 15 18 57
e 15 19 17
e 16 18 19
e 16 19 61
e 17 18 40
e 17 19 0
e 18 19 54
t # 12
v 0 2
v 1 5
v 2 6
v 3 4
v 4 3
v 5 3
v 6 6
v 7 2
v 8 3
v 9 6
v 10 5
v 11 2
v 12 4
v 13 2
v 14 1
v 15 5
v 16 5
v 17 3
v 18 2
v 19 5
e 0 12 0
e 0 16 4
e 1 12 28
e 1 13 9
e 1 14 2
e 1 15 12
e 1 11 19
e 2 12 41
e 2 13 14
e 2 11 32
e 3 5 42
e 3 7 42
e 3 10 55
e 3 11 58
e 4 5 50
e 4 9 46
e 5 14 16
e 5 11 42
e 6 14 11
e 6 9 15
e 6 11 47
e 7 10 57
e 7 11 17
e 8 13 64
e 8 19 61
e 8 10 19
e 8 11 61
e 9 12 4
e 9 10 40
e 9 11 0
e 10 14 39
e 10 19 36
e 10 11 54
e 11 19 3
e 12 13 22
e 12 14 34
e 12 15 43
e 12 16 7
e 12 17 14
e 12 18 7
e 12 19 48
e 13 14 62
e 13 15 16
e 13 18 59
e 14 15 32
e 14 18 14
e 14 19 29
e 15 18 2
e 16 17 0
t # 13
v 0 1
v 1 4
v 2 2
v 3 1
v 4 5
v 5 5
v 6 3
v 7 2
v 8 5
v 9 2
v 10 5
v 11 6
v 12 4
v 13 3
v 14 3
v 15 6
v 16 2
v 17 3
v 18 6
v 19 5
v 20 2
e 0 1 10
e 1 2 22
e 1 3 34
e 1 4 43
e 1 5 7
e 1 6 14
e 1 7 7
e 1 8 48
e 1 9 0
e 1 10 28
e 1 11 41
e 1 18 4
e 2 3 62
e 2 4 16
e 2 7 59
e 2 10 9
e 2 11 14
e 2 17 64
e 3 4 32
e 3 7 14
e 3 8 29
e 3 10 2
e 3 14 16
e 3 15 11
e 3 19 39
e 4 7 2
e 4 10 12
e 5 6 0
e 5 9 4
e 8 17 61
e 8 19 36
e 8 20 3
e 10 20 19
e 11 20 32
e 12 14 42
e 12 16 42
e 12 19 55
e 12 20 58
e 13 14 50
e 13 18 46
e 14 20 42
e 15 18 15
e 15 20 47
e 16 19 57
e 16 20 17
e 17 19 19
e 17 20 61
e 18 19 40
e 18 20 0
e 19 20 54
t # 14
v 0 6
v 1 4
v 2 2
v 3 1
v 4 5
v 5 5
v 6 3
v 7 2
v 8 5
v 9 2
v 10 5
v 11 6
v 12 4
v 13 3
v 14 3
v 15 6
v 16 2
v 17 3
v 18 6
v 19 5
v 20 2
v 21 1
e 0 7 44
e 1 2 22
e 1 3 34
e 1 4 43
e 1 5 7
e 1 6 14
e 1 7 7
e 1 8 48
e 1 9 0
e 1 10 28
e 1 11 41
e 1 18 4
e 2 3 62
e 2 4 16
e 2 7 59
e 2 10 9
e 2 11 14
e 2 17 64
e 3 4 32
e 3 7 14
e 3 8 29
e 3 10 2
e 3 14 16
e 3 15 11
e 3 19 39
e 4 7 2
e 4 10 12
e 5 6 0
e 5 9 4
e 8 17 61
e 8 19 36
e 8 20 3
e 10 20 19
e 11 20 32
e 12 14 42
e 12 16 42
e 12 19 55
e 12 20 58
e 13 14 50
e 13 18 46
e 14 20 42
e 14 21 10
e 15 18 15
e 15 20 47
e 16 19 57
e 16 20 17
e 17 19 19
e 17 20 61
e 18 19 40
e 18 20 0
e 19 20 54
t # 15
v 0 6
v 1 4
v 2 2
v 3 1
v 4 5
v 5 5
v 6 3
v 7 2
v 8 5
v 9 2
v 10 5
v 11 6
v 12 4
v 13 3
v 14 3
v 15 6
v 16 2
v 17 3
v 18 6
v 19 5
v 20 2
e 0 8 44
e 1 2 22
e 1 3 34
e 1 4 43
e 1 5 7
e 1 6 14
e 1 7 7
e 1 8 48
e 1 9 0
e 1 10 28
e 1 11 41
e 1 18 4
e 2 3 62
e 2 4 16
e 2 7 59
e 2 10 9
e 2 11 14
e 2 17 64
e 3 4 32
e 3 7 14
e 3 8 29
e 3 10 2
e 3 14 16
e 3 15 11
e 3 19 39
e 4 7 2
e 4 10 12
e 5 6 0
e 5 9 4
e 8 17 61
e 8 19 36
e 8 20 3
e 10 20 19
e 11 20 32
e 12 14 42
e 12 16 42
e 12 19 55
e 12 20 58
e 13 14 50
e 13 18 46
e 14 20 42
e 15 18 15
e 15 20 47
e 16 19 57
e 16 20 17
e 17 19 19
e 17 20 61
e 18 19 40
e 18 20 0
e 19 20 54
t # 16
v 0 4
v 1 2
v 2 1
v 3 5
v 4 5
v 5 3
v 6 2
v 7 5
v 8 2
v 9 5
v 10 6
v 11 4
v 12 3
v 13 3
v 14 6
v 15 2
v 16 3
v 17 6
v 18 5
v 19 2
e 0 1 22
e 0 2 34
e 0 3 43
e 0 4 7
e 0 5 14
e 0 6 7
e 0 7 48
e 0 8 0
e 0 9 28
e 0 10 41
e 0 17 4
e 1 2 62
e 1 3 16
e 1 6 59
e 1 9 9
e 1 10 14
e 1 16 64
e 2 3 32
e 2 6 14
e 2 7 29
e 2 9 2
e 2 13 16
e 2 14 11
e 2 18 39
e 3 6 2
e 3 9 12
e 4 5 0
e 4 8 4
e 7 16 61
e 7 18 36
e 7 19 3
e 9 19 19
e 10 19 32
e 11 13 42
e 11 15 42
e 11 18 55
e 11 19 58
e 12 13 50
e 12 17 46
e 13 19 42
e 14 17 15
e 14 19 47
e 15 18 57
e 15 19 17
e 16 18 19
e 16 19 61
e 17 18 40
e 17 19 0
e 18 19 54
t # 17
v 0 4
v 1 2
v 2 1
v 3 5
v 4 5
v 5 3
v 6 2
v 7 5
v 8 2
v 9 5
v 10 6
v 11 4
v 12 3
v 13 3
v 14 6
v 15 2
v 16 3
v 17 6
v 18 5
v 19 2
e 0 1 22
e 0 2 34
e 0 3 43
e 0 4 7
e 0 5 14
e 0 6 7
e 0 7 48
e 0 8 0
e 0 9 28
e 0 10 41
e 0 17 4
e 1 2 62
e 1 3 16
e 1 6 59
e 1 9 9
e 1 10 14
e 1 16 64
e 2 3 32
e 2 6 14
e 2 7 29
e 2 9 2
e 2 13 16
e 2 14 11
e 2 18 39
e 3 6 2
e 3 9 12
e 4 5 0
e 4 8 4
e 7 16 61
e 7 18 36
e 7 19 3
e 9 19 19
e 10 19 32
e 11 13 42
e 11 15 42
e 11 18 55
e 11 19 58
e 12 13 50
e 12 17 46
e 13 19 42
e 14 17 15
e 14 19 47
e 15 18 57
e 15 19 17
e 16 18 19
e 16 19 61
e 17 18 40
e 17 19 0
e 18 19 54
t # 18
v 0 5
v 1 3
v 2 2
v 3 5
v 4 2
v 5 5
v 6 6
v 7 4
v 8 3
v 9 1
v 10 3
v 11 6
v 12 2
v 13 3
v 14 6
v 15 5
v 16 2
v 17 6
v 18 4
v 19 2
v 20 1
v 21 5
e 0 18 7
e 0 1 0
e 0 4 4
e 1 18 14
e 2 18 7
e 2 19 59
e 2 20 14
e 2 21 2
e 2 17 4
e 3 18 48
e 3 20 29
e 3 13 61
e 3 15 36
e 3 16 3
e 4 18 0
e 5 18 28
e 5 19 9
e 5 20 2
e 5 21 12
e 5 16 19
e 6 18 41
e 6 19 14
e 6 16 32
e 7 10 42
e 7 12 42
e 7 15 55
e 7 16 58
e 8 10 50
e 8 14 46
e 9 21 57
e 10 20 16
e 10 16 42
e 11 20 11
e 11 14 15
e 11 16 47
e 12 15 57
e 12 16 17
e 13 19 64
e 13 15 19
e 13 16 61
e 14 18 4
e 14 15 40
e 14 16 0
e 15 20 39
e 15 16 54
e 18 19 22
e 18 20 34
e 18 21 43
e 19 20 62
e 19 21 16
e 20 21 32
t # 19
v 0 4
v 1 2
v 2 1
v 3 5
v 4 5
v 5 3
v 6 2
v 7 5
v 8 2
v 9 5
v 10 6
v 11 4
v 12 3
v 13 3
v 14 6
v 15 2
v 16 3
v 17 6
v 18 5
v 19 2
v 20 1
e 0 1 22
e 0 2 34
e 0 3 43
e 0 4 7
e 0 5 14
e 0 6 7
e 0 7 48
e 0 8 0
e 0 9 28
e 0 10 41
e 0 17 4
e 0 20 2
e 1 2 62
e 1 3 16
e 1 6 59
e 1 9 9
e 1 10 14
e 1 16 64
e 2 3 32
e 2 6 14
e 2 7 29
e 2 9 2
e 2 13 16
e 2 14 11
e 2 18 39
e 3 6 2
e 3 9 12
e 4 5 0
e 4 8 4
e 7 16 61
e 7 18 36
e 7 19 3
e 9 19 19
e 10 19 32
e 11 13 42
e 11 15 42
e 11 18 55
e 11 19 58
e 12 13 50
e 12 17 46
e 13 19 42
e 14 17 15
e 14 19 47
e 15 18 57
e 15 19 17
e 16 18 19
e 16 19 61
e 17 18 40
e 17 19 0
e 18 19 54
t # 20
v 0 6
v 1 4
v 2 2
v 3 1
v 4 5
v 5 5
v 6 3
v 7 2
v 8 5
v 9 2
v 10 5
v 11 6
v 12 4
v 13 3
v 14 3
v 15 6
v 16 2
v 17 3
v 18 6
v 19 5
v 20 2
e 0 1 44
e 1 2 22
e 1 3 34
e 1 4 43
e 1 5 7
e 1 6 14
e 1 7 7
e 1 8 48
e 1 9 0
e 1 10 28
e 1 11 41
e 1 18 4
e 2 3 62
e 2 4 16
e 2 7 59
e 2 10 9
e 2 11 14
e 2 17 64
e 3 4 32
e 3 7 14
e 3 8 29
e 3 10 2
e 3 14 16
e 3 15 11
e 3 19 39
e 4 7 2
e 4 10 12
e 5 6 0
e 5 9 4
e 8 17 61
e 8 19 36
e 8 20 3
e 10 20 19
e 11 20 32
e 12 14 42
e 12 16 42
e 12 19 55
e 12 20 58
e 13 14 50
e 13 18 46
e 14 20 42
e 15 18 15
e 15 20 47
e 16 19 57
e 16 20 17
e 17 19 19
e 17 20 61
e 18 19 40
e 18 20 0
e 19 20 54
t # 21
v 0 4
v 1 2
v 2 1
v 3 5
v 4 5
v 5 3
v 6 2
v 7 5
v 8 2
v 9 5
v 10 6
v 11 4
v 12 3
v 13 3
v 14 6
v 15 2
v 16 3
v 17 6
v 18 5
v 19 2
e 0 1 22
e 0 2 34
e 0 3 43
e 0 4 7
e 0 5 14
e 0 6 7
e 0 7 48
e 0 8 0
e 0 9 28
e 0 10 41
e 0 17 4
e 1 2 62
e 1 3 16
e 1 6 59
e 1 9 9
e 1 10 14
e 1 16 64
e 2 3 32
e 2 6 14
e 2 7 29
e 2 9 2
e 2 13 16
e 2 14 11
e 2 18 39
e 3 6 2
e 3 9 12
e 4 5 0
e 4 8 4
e 7 16 61
e 7 18 36
e 7 19 3
e 9 19 19
e 10 19 32
e 11 13 42
e 11 15 42
e 11 18 55
e 11 19 58
e 12 13 50
e 12 17 46
e 13 19 42
e 14 17 15
e 14 19 47
e 15 18 57
e 15 19 17
e 16 18 19
e 16 19 61
e 17 18 40
e 17 19 0
e 18 19 54
t # 22
v 0 4
v 1 2
v 2 1
v 3 5
v 4 5
v 5 3
v 6 2
v 7 5
v 8 2
v 9 5
v 10 6
v 11 4
v 12 3
v 13 3
v 14 6
v 15 2
v 16 3
v 17 6
v 18 5
v 19 2
e 0 1 22
e 0 2 34
e 0 3 43
e 0 4 7
e 0 5 14
e 0 6 7
e 0 7 48
e 0 8 0
e 0 9 28
e 0 10 41
e 0 17 4
e 1 2 62
e 1 3 16
e 1 6 59
e 1 9 9
e 1 10 14
e 1 16 64
e 2 3 32
e 2 6 14
e 2 7 29
e 2 9 2
e 2 13 16
e 2 14 11
e 2 18 39
e 3 6 2
e 3 9 12
e 4 5 0
e 4 8 4
e 7 16 61
e 7 18 36
e 7 19 3
e 9 19 19
e 10 19 32
e 11 13 42
e 11 15 42
e 11 18 55
e 11 19 58
e 12 13 50
e 12 17 46
e 13 19 42
e 14 17 15
e 14 19 47
e 15 18 57
e 15 19 17
e 16 18 19
e 16 19 61
e 17 18 40
e 17 19 0
e 18 19 54
t # 23
v 0 4
v 1 2
v 2 1
v 3 5
v 4 1
v 5 5
v 6 2
v 7 5
v 8 3
v 9 5
v 10 2
v 11 6
v 12 6
v 13 4
v 14 3
v 15 3
v 16 6
v 17 2
v 18 3
v 19 6
v 20 5
v 21 2
e 0 1 22
e 0 2 34
e 0 3 43
e 0 5 7
e 0 8 14
e 0 6 7
e 0 7 48
e 0 10 0
e 0 9 28
e 0 11 41
e 0 19 4
e 0 4 2
e 1 2 62
e 1 3 16
e 1 6 59
e 1 9 9
e 1 11 14
e 1 18 64
e 2 3 32
e 2 6 14
e 2 7 29
e 2 9 2
e 2 15 16
e 2 16 11
e 2 20 39
e 3 6 2
e 3 9 12
e 5 8 0
e 5 10 4
e 6 12 4
e 7 18 61
e 7 20 36
e 7 21 3
e 9 21 19
e 11 21 32
e 13 15 42
e 13 17 42
e 13 20 55
e 13 21 58
e 14 15 50
e 14 19 46
e 15 21 42
e 16 19 15
e 16 21 47
e 17 20 57
e 17 21 17
e 18 20 19
e 18 21 61
e 19 20 40
e 19 21 0
e 20 21 54
t # 24
v 0 4
v 1 2
v 2 1
v 3 5
v 4 5
v 5 3
v 6 2
v 7 5
v 8 2
v 9 5
v 10 6
v 11 4
v 12 3
v 13 3
v 14 6
v 15 2
v 16 3
v 17 6
v 18 5
v 19 2
v 20 6
e 0 1 22
e 0 2 34
e 0 3 43
e 0 4 7
e 0 5 14
e 0 6 7
e 0 7 48
e 0 8 0
e 0 9 28
e 0 10 41
e 0 17 4
e 1 2 62
e 1 3 16
e 1 6 59
e 1 9 9
e 1 10 14
e 1 16 64
e 2 3 32
e 2 6 14
e 2 7 29
e 2 9 2
e 2 13 16
e 2 14 11
e 2 18 39
e 3 6 2
e 3 9 12
e 3 20 44
e 4 5 0
e 4 8 4
e 7 16 61
e 7 18 36
e 7 19 3
e 9 19 19
e 10 19 32
e 11 13 42
e 11 15 42
e 11 18 55
e 11 19 58
e 12 13 50
e 12 17 46
e 13 19 42
e 14 17 15
e 14 19 47
e 15 18 57
e 15 19 17
e 16 18 19
e 16 19 61
e 17 18 40
e 17 19 0
e 18 19 54
t # 25
v 0 4
v 1 2
v 2 1
v 3 5
v 4 5
v 5 3
v 6 2
v 7 5
v 8 2
v 9 5
v 10 6
v 11 4
v 12 3
v 13 3
v 14 6
v 15 2
v 16 3
v 17 6
v 18 5
v 19 2
e 0 1 22
e 0 2 34
e 0 3 43
e 0 4 7
e 0 5 14
e 0 6 7
e 0 7 48
e 0 8 0
e 0 9 28
e 0 10 41
e 0 17 4
e 1 2 62
e 1 3 16
e 1 6 59
e 1 9 9
e 1 10 14
e 1 16 64
e 2 3 32
e 2 6 14
e 2 7 29
e 2 9 2
e 2 13 16
e 2 14 11
e 2 18 39
e 3 6 2
e 3 9 12
e 4 5 0
e 4 8 4
e 7 16 61
e 7 18 36
e 7 19 3
e 9 19 19
e 10 19 32
e 11 13 42
e 11 15 42
e 11 18 55
e 11 19 58
e 12 13 50
e 12 17 46
e 13 19 42
e 14 17 15
e 14 19 47
e 15 18 57
e 15 19 17
e 16 18 19
e 16 19 61
e 17 18 40
e 17 19 0
e 18 19 54
t # 26
v 0 6
v 1 4
v 2 2
v 3 1
v 4 5
v 5 5
v 6 3
v 7 2
v 8 5
v 9 2
v 10 5
v 11 6
v 12 4
v 13 3
v 14 3
v 15 6
v 16 2
v 17 3
v 18 6
v 19 5
v 20 2
e 0 19 44
e 1 2 22
e 1 3 34
e 1 4 43
e 1 5 7
e 1 6 14
e 1 7 7
e 1 8 48
e 1 9 0
e 1 10 28
e 1 11 41
e 1 18 4
e 2 3 62
e 2 4 16
e 2 7 59
e 2 10 9
e 2 11 14
e 2 17 64
e 3 4 32
e 3 7 14
e 3 8 29
e 3 10 2
e 3 14 16
e 3 15 11
e 3 19 39
e 4 7 2
e 4 10 12
e 5 6 0
e 5 9 4
e 8 17 61
e 8 19 36
e 8 20 3
e 10 20 19
e 11 20 32
e 12 14 42
e 12 16 42
e 12 19 55
e 12 20 58
e 13 14 50
e 13 18 46
e 14 20 42
e 15 18 15
e 15 20 47
e 16 19 57
e 16 20 17
e 17 19 19
e 17 20 61
e 18 19 40
e 18 20 0
e 19 20 54
t # 27
v 0 4
v 1 2
v 2 1
v 3 5
v 4 5
v 5 3
v 6 2
v 7 5
v 8 2
v 9 5
v 10 6
v 11 4
v 12 3
v 13 3
v 14 6
v 15 2
v 16 3
v 17 6
v 18 5
v 19 2
e 0 1 22
e 0 2 34
e 0 3 43
e 0 4 7
e 0 5 14
e 0 6 7
e 0 7 48
e 0 8 0
e 0 9 28
e 0 10 41
e 0 17 4
e 1 2 62
e 1 3 16
e 1 6 59
e 1 9 9
e 1 10 14
e 1 16 64
e 2 3 32
e 2 6 14
e 2 7 29
e 2 9 2
e 2 13 16
e 2 14 11
e 2 18 39
e 3 6 2
e 3 9 12
e 4 5 0
e 4 8 4
e 7 16 61
e 7 18 36
e 7 19 3
e 9 19 19
e 10 19 32
e 11 13 42
e 11 15 42
e 11 18 55
e 11 19 58
e 12 13 50
e 12 17 46
e 13 19 42
e 14 17 15
e 14 19 47
e 15 18 57
e 15 19 17
e 16 18 19
e 16 19 61
e 17 18 40
e 17 19 0
e 18 19 54
t # 28
v 0 6
v 1 4
v 2 2
v 3 1
v 4 5
v 5 5
v 6 3
v 7 2
v 8 5
v 9 2
v 10 5
v 11 6
v 12 4
v 13 3
v 14 3
v 15 6
v 16 2
v 17 3
v 18 6
v 19 5
v 20 2
e 0 0 4
e 0 10 44
e 1 2 22
e 1 3 34
e 1 4 43
e 1 5 7
e 1 6 14
e 1 7 7
e 1 8 48
e 1 9 0
e 1 10 28
e 1 11 41
e 1 18 4
e 2 3 62
e 2 4 16
e 2 7 59
e 2 10 9
e 2 11 14
e 2 17 64
e 3 4 32
e 3 7 14
e 3 8 29
e 3 10 2
e 3 14 16
e 3 15 11
e 3 19 39
e 4 7 2
e 4 10 12
e 5 6 0
e 5 9 4
e 8 17 61
e 8 19 36
e 8 20 3
e 10 20 19
e 11 20 32
e 12 14 42
e 12 16 42
e 12 19 55
e 12 20 58
e 13 14 50
e 13 18 46
e 14 20 42
e 15 18 15
e 15 20 47
e 16 19 57
e 16 20 17
e 17 19 19
e 17 20 61
e 18 19 40
e 18 20 0
e 19 20 54
t # 29
v 0 3
v 1 6
v 2 5
v 3 2
v 4 4
v 5 2
v 6 1
v 7 5
v 8 5
v 9 3
v 10 2
v 11 5
v 12 2
v 13 5
v 14 6
v 15 4
v 16 3
v 17 3
v 18 6
v 19 2
e 0 5 64
e 0 11 61
e 0 2 19
e 0 3 61
e 1 4 4
e 1 16 46
e 1 18 15
e 1 2 40
e 1 3 0
e 2 6 39
e 2 11 36
e 2 15 55
e 2 19 57
e 2 3 54
e 3 11 3
e 3 13 19
e 3 14 32
e 3 15 58
e 3 17 42
e 3 18 47
e 3 19 17
e 4 5 22
e 4 6 34
e 4 7 43
e 4 8 7
e 4 9 14
e 4 10 7
e 4 11 48
e 4 12 0
e 4 13 28
e 4 14 41
e 5 6 62
e 5 7 16
e 5 10 59
e 5 13 9
e 5 14 14
e 6 7 32
e 6 10 14
e 6 11 29
e 6 13 2
e 6 17 16
e 6 18 11
e 7 10 2
e 7 13 12
e 8 9 0
e 8 12 4
e 15 17 42
e 15 19 42
e 16 17 50
t # 30
v 0 4
v 1 2
v 2 1
v 3 5
v 4 5
v 5 3
v 6 2
v 7 5
v 8 2
v 9 5
v 10 6
v 11 4
v 12 3
v 13 3
v 14 6
v 15 2
v 16 3
v 17 6
v 18 5
v 19 2
v 20 6
e 0 1 22
e 0 2 34
e 0 3 43
e 0 4 7
e 0 5 14
e 0 6 7
e 0 7 48
e 0 8 0
e 0 9 28
e 0 10 41
e 0 17 4
e 1 2 62
e 1 3 16
e 1 6 59
e 1 9 9
e 1 10 14
e 1 16 64
e 2 3 32
e 2 6 14
e 2 7 29
e 2 9 2
e 2 13 16
e 2 14 11
e 2 18 39
e 3 6 2
e 3 9 12
e 3 20 44
e 4 5 0
e 4 8 4
e 7 16 61
e 7 18 36
e 7 19 3
e 9 19 19
e 10 19 32
e 11 13 42
e 11 15 42
e 11 18 55
e 11 19 58
e 12 13 50
e 12 17 46
e 13 19 42
e 14 17 15
e 14 19 47
e 15 18 57
e 15 19 17
e 16 18 19
e 16 19 61
e 17 18 40
e 17 19 0
e 18 19 54
t # 31
v 0 1
v 1 4
v 2 2
v 3 1
v 4 5
v 5 5
v 6 3
v 7 2
v 8 5
v 9 2
v 10 5
v 11 6
v 12 4
v 13 3
v 14 3
v 15 6
v 16 2
v 17 3
v 18 6
v 19 5
v 20 2
e 0 15 57
e 1 2 22
e 1 3 34
e 1 4 43
e 1 5 7
e 1 6 14
e 1 7 7
e 1 8 48
e 1 9 0
e 1 10 28
e 1 11 41
e 1 18 4
e 2 3 62
e 2 4 16
e 2 7 59
e 2 10 9
e 2 11 14
e 2 17 64
e 3 4 32
e 3 7 14
e 3 8 29
e 3 10 2
e 3 14 16
e 3 15 11
e 3 19 39
e 4 7 2
e 4 10 12
e 5 6 0
e 5 9 4
e 8 17 61
e 8 19 36
e 8 20 3
e 10 20 19
e 11 20 32
e 12 14 42
e 12 16 42
e 12 19 55
e 12 20 58
e 13 14 50
e 13 18 46
e 14 20 42
e 15 18 15
e 15 20 47
e 16 19 57
e 16 20 17
e 17 19 19
e 17 20 61
e 18 19 40
e 18 20 0
e 19 20 54
t # 32
v 0 1
v 1 4
v 2 2
v 3 1
v 4 5
v 5 5
v 6 3
v 7 2
v 8 5
v 9 2
v 10 5
v 11 6
v 12 4
v 13 3
v 14 3
v 15 6
v 16 2
v 17 3
v 18 6
v 19 5
v 20 2
e 0 4 2
e 1 2 22
e 1 3 34
e 1 4 43
e 1 5 7
e 1 6 14
e 1 7 7
e 1 8 48
e 1 9 0
e 1 10 28
e 1 11 41
e 1 18 4
e 2 3 62
e 2 4 16
e 2 7 59
e 2 10 9
e 2 11 14
e 2 17 64
e 3 4 32
e 3 7 14
e 3 8 29
e 3 10 2
e 3 14 16
e 3 15 11
e 3 19 39
e 4 7 2
e 4 10 12
e 5 6 0
e 5 9 4
e 8 17 61
e 8 19 36
e 8 20 3
e 10 20 19
e 11 20 32
e 12 14 42
e 12 16 42
e 12 19 55
e 12 20 58
e 13 14 50
e 13 18 46
e 14 20 42
e 15 18 15
e 15 20 47
e 16 19 57
e 16 20 17
e 17 19 19
e 17 20 61
e 18 19 40
e 18 20 0
e 19 20 54
t # 33
v 0 4
v 1 2
v 2 6
v 3 6
v 4 2
v 5 4
v 6 2
v 7 1
v 8 5
v 9 5
v 10 3
v 11 2
v 12 5
v 13 2
v 14 5
v 15 6
v 16 4
v 17 3
v 18 3
v 19 6
v 20 5
v 21 3
v 22 6
v 23 5
v 24 2
v 25 2
v 26 6
v 27 1
e 0 1 22
e 0 2 41
e 0 3 4
e 1 2 14
e 2 4 32
e 2 7 4
e 2 20 44
e 2 3 44
e 3 4 0
e 5 6 22
e 5 7 34
e 5 8 43
e 5 9 7
e 5 10 14
e 5 11 7
e 5 12 48
e 5 13 0
e 5 14 28
e 5 15 41
e 5 22 4
e 6 7 62
e 6 8 16
e 6 11 59
e 6 14 9
e 6 15 14
e 6 21 64
e 6 26 44
e 7 8 32
e 7 11 14
e 7 12 29
e 7 14 2
e 7 18 16
e 7 19 11
e 7 23 39
e 8 11 2
e 8 14 12
e 9 10 0
e 9 13 4
e 12 21 61
e 12 23 36
e 12 24 3
e 12 27 10
e 14 24 19
e 15 24 32
e 16 18 42
e 16 25 42
e 16 23 55
e 16 24 58
e 17 18 50
e 17 22 46
e 18 24 42
e 19 22 15
e 19 24 47
e 21 23 19
e 21 24 61
e 22 23 40
e 22 24 0
e 23 25 57
e 23 24 54
e 24 25 17
t # 34
v 0 6
v 1 4
v 2 2
v 3 1
v 4 5
v 5 5
v 6 3
v 7 2
v 8 5
v 9 2
v 10 5
v 11 6
v 12 4
v 13 3
v 14 3
v 15 6
v 16 2
v 17 3
v 18 6
v 19 5
v 20 2
e 0 14 44
e 1 2 22
e 1 3 34
e 1 4 43
e 1 5 7
e 1 6 14
e 1 7 7
e 1 8 48
e 1 9 0
e 1 10 28
e 1 11 41
e 1 18 4
e 2 3 62
e 2 4 16
e 2 7 59
e 2 10 9
e 2 11 14
e 2 17 64
e 3 4 32
e 3 7 14
e 3 8 29
e 3 10 2
e 3 14 16
e 3 15 11
e 3 19 39
e 4 7 2
e 4 10 12
e 5 6 0
e 5 9 4
e 8 17 61
e 8 19 36
e 8 20 3
e 10 20 19
e 11 20 32
e 12 14 42
e 12 16 42
e 12 19 55
e 12 20 58
e 13 14 50
e 13 18 46
e 14 20 42
e 15 18 15
e 15 20 47
e 16 19 57
e 16 20 17
e 17 19 19
e 17 20 61
e 18 19 40
e 18 20 0
e 19 20 54
t # 35
v 0 3
v 1 6
v 2 2
v 3 3
v 4 6
v 5 5
v 6 2
v 7 1
v 8 4
v 9 2
v 10 1
v 11 5
v 12 5
v 13 3
v 14 2
v 15 5
v 16 2
v 17 5
v 18 6
v 19 4
v 20 3
e 0 10 16
e 0 19 42
e 0 20 50
e 0 6 42
e 1 10 11
e 1 4 15
e 1 6 47
e 2 19 42
e 2 5 57
e 2 6 17
e 3 9 64
e 3 15 61
e 3 5 19
e 3 6 61
e 4 8 4
e 4 20 46
e 4 5 40
e 4 6 0
e 5 10 39
e 5 15 36
e 5 19 55
e 5 6 54
e 6 15 3
e 6 17 19
e 6 18 32
e 6 19 58
e 7 14 2
e 8 9 22
e 8 10 34
e 8 11 43
e 8 12 7
e 8 13 14
e 8 14 7
e 8 15 48
e 8 16 0
e 8 17 28
e 8 18 41
e 9 10 62
e 9 11 16
e 9 14 59
e 9 17 9
e 9 18 14
e 10 11 32
e 10 14 14
e 10 15 29
e 10 17 2
e 11 14 2
e 11 17 12
e 12 13 0
e 12 16 4
t # 36
v 0 4
v 1 2
v 2 1
v 3 5
v 4 5
v 5 3
v 6 2
v 7 5
v 8 2
v 9 5
v 10 6
v 11 4
v 12 3
v 13 3
v 14 6
v 15 2
v 16 3
v 17 6
v 18 5
v 19 2
e 0 1 22
e 0 2 34
e 0 3 43
e 0 4 7
e 0 5 14
e 0 6 7
e 0 7 48
e 0 8 0
e 0 9 28
e 0 10 41
e 0 17 4
e 1 2 62
e 1 3 16
e 1 6 59
e 1 9 9
e 1 10 14
e 1 16 64
e 2 3 32
e 2 6 14
e 2 7 29
e 2 9 2
e 2 13 16
e 2 14 11
e 2 18 39
e 3 6 2
e 3 9 12
e 4 5 0
e 4 8 4
e 7 16 61
e 7 18 36
e 7 19 3
e 9 19 19
e 10 19 32
e 11 13 42
e 11 15 42
e 11 18 55
e 11 19 58
e 12 13 50
e 12 17 46
e 13 19 42
e 14 17 15
e 14 19 47
e 15 18 57
e 15 19 17
e 16 18 19
e 16 19 61
e 17 18 40
e 17 19 0
e 18 19 54
t # 37
v 0 4
v 1 2
v 2 1
v 3 5
v 4 5
v 5 3
v 6 2
v 7 5
v 8 2
v 9 5
v 10 6
v 11 4
v 12 3
v 13 3
v 14 6
v 15 2
v 16 3
v 17 6
v 18 5
v 19 2
e 0 1 22
e 0 2 34
e 0 3 43
e 0 4 7
e 0 5 14
e 0 6 7
e 0 7 48
e 0 8 0
e 0 9 28
e 0 10 41
e 0 17 4
e 1 2 62
e 1 3 16
e 1 6 59
e 1 9 9
e 1 10 14
e 1 16 64
e 2 3 32
e 2 6 14
e 2 7 29
e 2 9 2
e 2 13 16
e 2 14 11
e 2 18 39
e 3 6 2
e 3 9 12
e 4 5 0
e 4 8 4
e 7 16 61
e 7 18 36
e 7 19 3
e 9 19 19
e 10 19 32
e 11 13 42
e 11 15 42
e 11 18 55
e 11 19 58
e 12 13 50
e 12 17 46
e 13 19 42
e 14 17 15
e 14 19 47
e 15 18 57
e 15 19 17
e 16 18 19
e 16 19 61
e 17 18 40
e 17 19 0
e 18 19 54
t # 38
v 0 6
v 1 4
v 2 2
v 3 1
v 4 5
v 5 5
v 6 3
v 7 2
v 8 5
v 9 2
v 10 5
v 11 6
v 12 4
v 13 3
v 14 3
v 15 6
v 16 2
v 17 3
v 18 6
v 19 5
v 20 2
v 21 6
e 0 1 4
e 1 2 22
e 1 3 34
e 1 4 43
e 1 5 7
e 1 6 14
e 1 7 7
e 1 8 48
e 1 9 0
e 1 10 28
e 1 11 41
e 1 18 4
e 2 3 62
e 2 4 16
e 2 7 59
e 2 10 9
e 2 11 14
e 2 17 64
e 3 4 32
e 3 7 14
e 3 8 29
e 3 10 2
e 3 14 16
e 3 15 11
e 3 19 39
e 4 7 2
e 4 10 12
e 5 6 0
e 5 9 4
e 7 21 44
e 8 17 61
e 8 19 36
e 8 20 3
e 10 20 19
e 11 20 32
e 12 14 42
e 12 16 42
e 12 19 55
e 12 20 58
e 13 14 50
e 13 18 46
e 14 20 42
e 15 18 15
e 15 20 47
e 16 19 57
e 16 20 17
e 17 19 19
e 17 20 61
e 18 19 40
e 18 20 0
e 19 20 54
t # 39
v 0 6
v 1 4
v 2 2
v 3 1
v 4 5
v 5 5
v 6 3
v 7 2
v 8 5
v 9 2
v 10 5
v 11 6
v 12 4
v 13 3
v 14 3
v 15 6
v 16 2
v 17 3
v 18 6
v 19 5
v 20 2
v 21 6
e 0 15 4
e 1 2 22
e 1 3 34
e 1 4 43
e 1 5 7
e 1 6 14
e 1 7 7
e 1 8 48
e 1 9 0
e 1 10 28
e 1 11 41
e 1 18 4
e 2 3 62
e 2 4 16
e 2 7 59
e 2 10 9
e 2 11 14
e 2 17 64
e 3 4 32
e 3 7 14
e 3 8 29
e 3 10 2
e 3 14 16
e 3 15 11
e 3 19 39
e 4 7 2
e 4 10 12
e 5 6 0
e 5 9 4
e 8 17 61
e 8 19 36
e 8 20 3
e 10 20 19
e 11 20 32
e 12 14 42
e 12 16 42
e 12 19 55
e 12 20 58
e 13 14 50
e 13 18 46
e 14 20 42
e 15 18 15
e 15 20 47
e 15 21 44
e 16 19 57
e 16 20 17
e 17 19 19
e 17 20 61
e 18 19 40
e 18 20 0
e 19 20 54
t # 40
v 0 4
v 1 2
v 2 1
v 3 5
v 4 1
v 5 5
v 6 2
v 7 5
v 8 3
v 9 5
v 10 2
v 11 6
v 12 4
v 13 3
v 14 3
v 15 6
v 16 2
v 17 3
v 18 6
v 19 5
v 20 2
e 0 1 22
e 0 2 34
e 0 3 43
e 0 5 7
e 0 8 14
e 0 6 7
e 0 7 48
e 0 10 0
e 0 9 28
e 0 11 41
e 0 18 4
e 0 4 57
e 1 2 62
e 1 3 16
e 1 6 59
e 1 9 9
e 1 11 14
e 1 17 64
e 2 3 32
e 2 6 14
e 2 7 29
e 2 9 2
e 2 14 16
e 2 15 11
e 2 19 39
e 3 6 2
e 3 9 12
e 5 8 0
e 5 10 4
e 7 17 61
e 7 19 36
e 7 20 3
e 9 20 19
e 11 20 32
e 12 14 42
e 12 16 42
e 12 19 55
e 12 20 58
e 13 14 50
e 13 18 46
e 14 20 42
e 15 18 15
e 15 20 47
e 16 19 57
e 16 20 17
e 17 19 19
e 17 20 61
e 18 19 40
e 18 20 0
e 19 20 54
t # 41
v 0 6
v 1 4
v 2 3
v 3 3
v 4 6
v 5 2
v 6 3
v 7 6
v 8 5
v 9 2
v 10 4
v 11 2
v 12 1
v 13 5
v 14 5
v 15 3
v 16 2
v 17 5
v 18 2
v 19 5
e 0 10 41
e 0 11 14
e 0 9 32
e 1 3 42
e 1 5 42
e 1 8 55
e 1 9 58
e 2 3 50
e 2 7 46
e 3 12 16
e 3 9 42
e 4 12 11
e 4 7 15
e 4 9 47
e 5 8 57
e 5 9 17
e 6 11 64
e 6 17 61
e 6 8 19
e 6 9 61
e 7 10 4
e 7 8 40
e 7 9 0
e 8 12 39
e 8 17 36
e 8 9 54
e 9 17 3
e 9 19 19
e 10 11 22
e 10 12 34
e 10 13 43
e 10 14 7
e 10 15 14
e 10 16 7
e 10 17 48
e 10 18 0
e 10 19 28
e 11 12 62
e 11 13 16
e 11 16 59
e 11 19 9
e 12 13 32
e 12 16 14
e 12 17 29
e 12 19 2
e 13 16 2
e 13 19 12
e 14 15 0
e 14 18 4
t # 42
v 0 4
v 1 2
v 2 1
v 3 5
v 4 5
v 5 3
v 6 2
v 7 5
v 8 2
v 9 5
v 10 6
v 11 4
v 12 3
v 13 3
v 14 6
v 15 2
v 16 3
v 17 6
v 18 5
v 19 2
v 20 1
e 0 1 22
e 0 2 34
e 0 3 43
e 0 4 7
e 0 5 14
e 0 6 7
e 0 7 48
e 0 8 0
e 0 9 28
e 0 10 41
e 0 17 4
e 1 2 62
e 1 3 16
e 1 6 59
e 1 9 9
e 1 10 14
e 1 16 64
e 2 3 32
e 2 6 14
e 2 7 29
e 2 9 2
e 2 13 16
e 2 14 11
e 2 18 39
e 3 6 2
e 3 9 12
e 4 5 0
e 4 8 4
e 7 16 61
e 7 18 36
e 7 19 3
e 9 19 19
e 10 19 32
e 11 13 42
e 11 15 42
e 11 18 55
e 11 19 58
e 12 13 50
e 12 17 46
e 13 19 42
e 14 17 15
e 14 19 47
e 15 18 57
e 15 19 17
e 16 18 19
e 16 19 61
e 17 18 40
e 17 19 0
e 18 19 54
e 18 20 57
t # 43
v 0 4
v 1 2
v 2 1
v 3 5
v 4 5
v 5 3
v 6 2
v 7 5
v 8 2
v 9 5
v 10 6
v 11 4
v 12 3
v 13 3
v 14 6
v 15 2
v 16 3
v 17 6
v 18 5
v 19 2
e 0 1 22
e 0 2 34
e 0 3 43
e 0 4 7
e 0 5 14
e 0 6 7
e 0 7 48
e 0 8 0
e 0 9 28
e 0 10 41
e 0 17 4
e 1 2 62
e 1 3 16
e 1 6 59
e 1 9 9
e 1 10 14
e 1 16 64
e 2 3 32
e 2 6 14
e 2 7 29
e 2 9 2
e 2 13 16
e 2 14 11
e 2 18 39
e 3 6 2
e 3 9 12
e 4 5 0
e 4 8 4
e 7 16 61
e 7 18 36
e 7 19 3
e 9 19 19
e 10 19 32
e 11 13 42
e 11 15 42
e 11 18 55
e 11 19 58
e 12 13 50
e 12 17 46
e 13 19 42
e 14 17 15
e 14 19 47
e 15 18 57
e 15 19 17
e 16 18 19
e 16 19 61
e 17 18 40
e 17 19 0
e 18 19 54
t # 44
v 0 4
v 1 2
v 2 1
v 3 5
v 4 5
v 5 3
v 6 2
v 7 5
v 8 2
v 9 5
v 10 6
v 11 4
v 12 3
v 13 3
v 14 6
v 15 2
v 16 3
v 17 6
v 18 5
v 19 2
e 0 1 22
e 0 2 34
e 0 3 43
e 0 4 7
e 0 5 14
e 0 6 7
e 0 7 48
e 0 8 0
e 0 9 28
e 0 10 41
e 0 17 4
e 1 2 62
e 1 3 16
e 1 6 59
e 1 9 9
e 1 10 14
e 1 16 64
e 2 3 32
e 2 6 14
e 2 7 29
e 2 9 2
e 2 13 16
e 2 14 11
e 2 18 39
e 3 6 2
e 3 9 12
e 4 5 0
e 4 8 4
e 7 16 61
e 7 18 36
e 7 19 3
e 9 19 19
e 10 19 32
e 11 13 42
e 11 15 42
e 11 18 55
e 11 19 58
e 12 13 50
e 12 17 46
e 13 19 42
e 14 17 15
e 14 19 47
e 15 18 57
e 15 19 17
e 16 18 19
e 16 19 61
e 17 18 40
e 17 19 0
e 18 19 54
t # 45
v 0 1
v 1 6
v 2 4
v 3 2
v 4 1
v 5 5
v 6 5
v 7 3
v 8 2
v 9 5
v 10 2
v 11 5
v 12 6
v 13 4
v 14 3
v 15 3
v 16 6
v 17 2
v 18 3
v 19 6
v 20 5
v 21 2
e 0 3 10
e 1 9 44
e 2 3 22
e 2 4 34
e 2 5 43
e 2 6 7
e 2 7 14
e 2 8 7
e 2 9 48
e 2 10 0
e 2 11 28
e 2 12 41
e 2 19 4
e 3 4 62
e 3 5 16
e 3 8 59
e 3 11 9
e 3 12 14
e 3 18 64
e 4 5 32
e 4 8 14
e 4 9 29
e 4 11 2
e 4 15 16
e 4 16 11
e 4 20 39
e 5 8 2
e 5 11 12
e 6 7 0
e 6 10 4
e 9 18 61
e 9 20 36
e 9 21 3
e 11 21 19
e 12 21 32
e 13 15 42
e 13 17 42
e 13 20 55
e 13 21 58
e 14 15 50
e 14 19 46
e 15 21 42
e 16 19 15
e 16 21 47
e 17 20 57
e 17 21 17
e 18 20 19
e 18 21 61
e 19 20 40
e 19 21 0
e 20 21 54
t # 46
v 0 1
v 1 4
v 2 2
v 3 1
v 4 5
v 5 5
v 6 3
v 7 2
v 8 5
v 9 2
v 10 5
v 11 6
v 12 4
v 13 3
v 14 3
v 15 6
v 16 2
v 17 3
v 18 6
v 19 5
v 20 2
e 0 19 2
e 1 2 22
e 1 3 34
e 1 4 43
e 1 5 7
e 1 6 14
e 1 7 7
e 1 8 48
e 1 9 0
e 1 10 28
e 1 11 41
e 1 18 4
e 2 3 62
e 2 4 16
e 2 7 59
e 2 10 9
e 2 11 14
e 2 17 64
e 3 4 32
e 3 7 14
e 3 8 29
e 3 10 2
e 3 14 16
e 3 15 11
e 3 19 39
e 4 7 2
e 4 10 12
e 5 6 0
e 5 9 4
e 8 17 61
e 8 19 36
e 8 20 3
e 10 20 19
e 11 20 32
e 12 14 42
e 12 16 42
e 12 19 55
e 12 20 58
e 13 14 50
e 13 18 46
e 14 20 42
e 15 18 15
e 15 20 47
e 16 19 57
e 16 20 17
e 17 19 19
e 17 20 61
e 18 19 40
e 18 20 0
e 19 20 54
t # 47
v 0 2
v 1 5
v 2 2
v 3 5
v 4 6
v 5 4
v 6 3
v 7 3
v 8 6
v 9 2
v 10 3
v 11 6
v 12 5
v 13 2
v 14 6
v 15 4
v 16 2
v 17 1
v 18 5
v 19 5
v 20 3
e 0 15 7
e 0 16 59
e 0 17 14
e 0 18 2
e 1 15 48
e 1 17 29
e 1 10 61
e 1 12 36
e 1 13 3
e 2 15 0
e 2 19 4
e 3 15 28
e 3 16 9
e 3 17 2
e 3 18 12
e 3 13 19
e 4 15 41
e 4 16 14
e 4 13 32
e 5 7 42
e 5 9 42
e 5 12 55
e 5 13 58
e 6 7 50
e 6 11 46
e 7 17 16
e 7 13 42
e 8 17 11
e 8 11 15
e 8 13 47
e 8 14 44
e 9 12 57
e 9 13 17
e 10 16 64
e 10 12 19
e 10 13 61
e 11 15 4
e 11 12 40
e 11 13 0
e 12 17 39
e 12 13 54
e 15 16 22
e 15 17 34
e 15 18 43
e 15 19 7
e 15 20 14
e 16 17 62
e 16 18 16
e 17 18 32
e 19 20 0
t # 48
v 0 4
v 1 2
v 2 1
v 3 5
v 4 5
v 5 3
v 6 2
v 7 5
v 8 2
v 9 5
v 10 6
v 11 4
v 12 3
v 13 3
v 14 6
v 15 2
v 16 3
v 17 6
v 18 5
v 19 2
e 0 1 22
e 0 2 34
e 0 3 43
e 0 4 7
e 0 5 14
e 0 6 7
e 0 7 48
e 0 8 0
e 0 9 28
e 0 10 41
e 0 17 4
e 1 2 62
e 1 3 16
e 1 6 59
e 1 9 9
e 1 10 14
e 1 16 64
e 2 3 32
e 2 6 14
e 2 7 29
e 2 9 2
e 2 13 16
e 2 14 11
e 2 18 39
e 3 6 2
e 3 9 12
e 4 5 0
e 4 8 4
e 7 16 61
e 7 18 36
e 7 19 3
e 9 19 19
e 10 19 32
e 11 13 42
e 11 15 42
e 11 18 55
e 11 19 58
e 12 13 50
e 12 17 46
e 13 19 42
e 14 17 15
e 14 19 47
e 15 18 57
e 15 19 17
e 16 18 19
e 16 19 61
e 17 18 40
e 17 19 0
e 18 19 54
t # 49
v 0 4
v 1 2
v 2 1
v 3 5
v 4 5
v 5 3
v 6 2
v 7 5
v 8 2
v 9 5
v 10 6
v 11 4
v 12 3
v 13 3
v 14 6
v 15 2
v 16 3
v 17 6
v 18 5
v 19 2
e 0 1 22
e 0 2 34
e 0 3 43
e 0 4 7
e 0 5 14
e 0 6 7
e 0 7 48
e 0 8 0
e 0 9 28
e 0 10 41
e 0 17 4
e 1 2 62
e 1 3 16
e 1 6 59
e 1 9 9
e 1 10 14
e 1 16 64
e 2 3 32
e 2 6 14
e 2 7 29
e 2 9 2
e 2 13 16
e 2 14 11
e 2 18 39
e 3 6 2
e 3 9 12
e 4 5 0
e 4 8 4
e 7 16 61
e 7 18 36
e 7 19 3
e 9 19 19
e 10 19 32
e 11 13 42
e 11 15 42
e 11 18 55
e 11 19 58
e 12 13 50
e 12 17 46
e 13 19 42
e 14 17 15
e 14 19 47
e 15 18 57
e 15 19 17
e 16 18 19
e 16 19 61
e 17 18 40
e 17 19 0
e 18 19 54
t # 50
v 0 4
v 1 2
v 2 1
v 3 5
v 4 5
v 5 3
v 6 2
v 7 5
v 8 2
v 9 5
v 10 6
v 11 4
v 12 3
v 13 3
v 14 6
v 15 2
v 16 3
v 17 6
v 18 5
v 19 2
e 0 1 22
e 0 2 34
e 0 3 43
e 0 4 7
e 0 5 14
e 0 6 7
e 0 7 48
e 0 8 0
e 0 9 28
e 0 10 41
e 0 17 4
e 1 2 62
e 1 3 16
e 1 6 59
e 1 9 9
e 1 10 14
e 1 16 64
e 2 3 32
e 2 6 14
e 2 7 29
e 2 9 2
e 2 13 16
e 2 14 11
e 2 18 39
e 3 6 2
e 3 9 12
e 4 5 0
e 4 8 4
e 7 16 61
e 7 18 36
e 7 19 3
e 9 19 19
e 10 19 32
e 11 13 42
e 11 15 42
e 11 18 55
e 11 19 58
e 12 13 50
e 12 17 46
e 13 19 42
e 14 17 15
e 14 19 47
e 15 18 57
e 15 19 17
e 16 18 19
e 16 19 61
e 17 18 40
e 17 19 0
e 18 19 54
t # 51
v 0 4
v 1 2
v 2 1
v 3 5
v 4 5
v 5 3
v 6 2
v 7 5
v 8 2
v 9 5
v 10 6
v 11 4
v 12 3
v 13 3
v 14 6
v 15 2
v 16 3
v 17 6
v 18 5
v 19 2
e 0 1 22
e 0 2 34
e 0 3 43
e 0 4 7
e 0 5 14
e 0 6 7
e 0 7 48
e 0 8 0
e 0 9 28
e 0 10 41
e 0 17 4
e 1 2 62
e 1 3 16
e 1 6 59
e 1 9 9
e 1 10 14
e 1 16 64
e 2 3 32
e 2 6 14
e 2 7 29
e 2 9 2
e 2 13 16
e 2 14 11
e 2 18 39
e 3 6 2
e 3 9 12
e 4 5 0
e 4 8 4
e 7 16 61
e 7 18 36
e 7 19 3
e 9 19 19
e 10 19 32
e 11 13 42
e 11 15 42
e 11 18 55
e 11 19 58
e 12 13 50
e 12 17 46
e 13 19 42
e 14 17 15
e 14 19 47
e 15 18 57
e 15 19 17
e 16 18 19
e 16 19 61
e 17 18 40
e 17 19 0
e 18 19 54
t # 52
v 0 4
v 1 2
v 2 1
v 3 5
v 4 5
v 5 3
v 6 2
v 7 5
v 8 2
v 9 5
v 10 6
v 11 4
v 12 3
v 13 3
v 14 6
v 15 2
v 16 3
v 17 6
v 18 5
v 19 2
e 0 1 22
e 0 2 34
e 0 3 43
e 0 4 7
e 0 5 14
e 0 6 7
e 0 7 48
e 0 8 0
e 0 9 28
e 0 10 41
e 0 17 4
e 1 2 62
e 1 3 16
e 1 6 59
e 1 9 9
e 1 10 14
e 1 16 64
e 2 3 32
e 2 6 14
e 2 7 29
e 2 9 2
e 2 13 16
e 2 14 11
e 2 18 39
e 3 6 2
e 3 9 12
e 4 5 0
e 4 8 4
e 7 16 61
e 7 18 36
e 7 19 3
e 9 19 19
e 10 19 32
e 11 13 42
e 11 15 42
e 11 18 55
e 11 19 58
e 12 13 50
e 12 17 46
e 13 19 42
e 14 17 15
e 14 19 47
e 15 18 57
e 15 19 17
e 16 18 19
e 16 19 61
e 17 18 40
e 17 19 0
e 18 19 54
t # 53
v 0 1
v 1 5
v 2 5
v 3 3
v 4 2
v 5 5
v 6 2
v 7 5
v 8 6
v 9 4
v 10 3
v 11 6
v 12 3
v 13 6
v 14 2
v 15 3
v 16 6
v 17 5
v 18 2
v 19 4
v 20 2
e 0 19 34
e 0 20 62
e 0 1 32
e 0 4 14
e 0 5 29
e 0 7 2
e 0 12 16
e 0 13 11
e 0 17 39
e 1 19 43
e 1 20 16
e 1 4 2
e 1 7 12
e 2 19 7
e 2 3 0
e 2 6 4
e 3 19 14
e 4 19 7
e 4 20 59
e 5 19 48
e 5 15 61
e 5 17 36
e 5 18 3
e 6 19 0
e 7 19 28
e 7 20 9
e 7 18 19
e 8 19 41
e 8 20 14
e 8 18 32
e 9 12 42
e 9 14 42
e 9 17 55
e 9 18 58
e 10 12 50
e 10 16 46
e 11 20 44
e 12 18 42
e 13 16 15
e 13 18 47
e 14 17 57
e 14 18 17
e 15 20 64
e 15 17 19
e 15 18 61
e 16 19 4
e 16 17 40
e 16 18 0
e 17 18 54
e 19 20 22
t # 54
v 0 4
v 1 2
v 2 1
v 3 5
v 4 5
v 5 3
v 6 2
v 7 5
v 8 2
v 9 5
v 10 6
v 11 4
v 12 3
v 13 3
v 14 6
v 15 2
v 16 3
v 17 6
v 18 5
v 19 2
e 0 1 22
e 0 2 34
e 0 3 43
e 0 4 7
e 0 5 14
e 0 6 7
e 0 7 48
e 0 8 0
e 0 9 28
e 0 10 41
e 0 17 4
e 1 2 62
e 1 3 16
e 1 6 59
e 1 9 9
e 1 10 14
e 1 16 64
e 2 3 32
e 2 6 14
e 2 7 29
e 2 9 2
e 2 13 16
e 2 14 11
e 2 18 39
e 3 6 2
e 3 9 12
e 4 5 0
e 4 8 4
e 7 16 61
e 7 18 36
e 7 19 3
e 9 19 19
e 10 19 32
e 11 13 42
e 11 15 42
e 11 18 55
e 11 19 58
e 12 13 50
e 12 17 46
e 13 19 42
e 14 17 15
e 14 19 47
e 15 18 57
e 15 19 17
e 16 18 19
e 16 19 61
e 17 18 40
e 17 19 0
e 18 19 54
t # 55
v 0 4
v 1 2
v 2 1
v 3 5
v 4 5
v 5 3
v 6 2
v 7 5
v 8 2
v 9 5
v 10 6
v 11 4
v 12 3
v 13 3
v 14 6
v 15 2
v 16 3
v 17 6
v 18 5
v 19 2
v 20 6
v 21 1
v 22 2
v 23 2
v 24 5
e 0 1 22
e 0 2 34
e 0 3 43
e 0 4 7
e 0 5 14
e 0 6 7
e 0 7 48
e 0 8 0
e 0 9 28
e 0 10 41
e 0 17 4
e 1 2 62
e 1 3 16
e 1 6 59
e 1 9 9
e 1 10 14
e 1 16 64
e 2 3 32
e 2 6 14
e 2 7 29
e 2 9 2
e 2 13 16
e 2 14 11
e 2 18 39
e 2 21 2
e 3 6 2
e 3 9 12
e 4 5 0
e 4 8 4
e 7 16 61
e 7 18 36
e 7 19 3
e 9 19 19
e 10 19 32
e 10 10 4
e 11 13 42
e 11 15 42
e 11 18 55
e 11 19 58
e 12 13 50
e 12 17 46
e 13 19 42
e 14 17 15
e 14 19 47
e 15 18 57
e 15 19 17
e 16 18 19
e 16 19 61
e 17 18 40
e 17 19 0
e 18 19 54
e 20 21 10
e 21 22 59
e 21 23 38
e 21 24 57
e 22 23 17
t # 56
v 0 1
v 1 4
v 2 2
v 3 1
v 4 5
v 5 5
v 6 3
v 7 2
v 8 5
v 9 2
v 10 5
v 11 6
v 12 4
v 13 3
v 14 3
v 15 6
v 16 2
v 17 3
v 18 6
v 19 5
v 20 2
e 0 15 2
e 1 2 22
e 1 3 34
e 1 4 43
e 1 5 7
e 1 6 14
e 1 7 7
e 1 8 48
e 1 9 0
e 1 10 28
e 1 11 41
e 1 18 4
e 2 3 62
e 2 4 16
e 2 7 59
e 2 10 9
e 2 11 14
e 2 17 64
e 3 4 32
e 3 7 14
e 3 8 29
e 3 10 2
e 3 14 16
e 3 15 11
e 3 19 39
e 4 7 2
e 4 10 12
e 5 6 0
e 5 9 4
e 8 17 61
e 8 19 36
e 8 20 3
e 10 20 19
e 11 20 32
e 12 14 42
e 12 16 42
e 12 19 55
e 12 20 58
e 13 14 50
e 13 18 46
e 14 20 42
e 15 18 15
e 15 20 47
e 16 19 57
e 16 20 17
e 17 19 19
e 17 20 61
e 18 19 40
e 18 20 0
e 19 20 54
t # 57
v 0 4
v 1 2
v 2 1
v 3 5
v 4 5
v 5 3
v 6 2
v 7 5
v 8 2
v 9 5
v 10 6
v 11 4
v 12 3
v 13 3
v 14 6
v 15 2
v 16 3
v 17 6
v 18 5
v 19 2
e 0 1 22
e 0 2 34
e 0 3 43
e 0 4 7
e 0 5 14
e 0 6 7
e 0 7 48
e 0 8 0
e 0 9 28
e 0 10 41
e 0 17 4
e 1 2 62
e 1 3 16
e 1 6 59
e 1 9 9
e 1 10 14
e 1 16 64
e 2 3 32
e 2 6 14
e 2 7 29
e 2 9 2
e 2 13 16
e 2 14 11
e 2 18 39
e 3 6 2
e 3 9 12
e 4 5 0
e 4 8 4
e 7 16 61
e 7 18 36
e 7 19 3
e 9 19 19
e 10 19 32
e 11 13 42
e 11 15 42
e 11 18 55
e 11 19 58
e 12 13 50
e 12 17 46
e 13 19 42
e 14 17 15
e 14 19 47
e 15 18 57
e 15 19 17
e 16 18 19
e 16 19 61
e 17 18 40
e 17 19 0
e 18 19 54
t # 58
v 0 5
v 1 2
v 2 6
v 3 4
v 4 2
v 5 1
v 6 5
v 7 5
v 8 3
v 9 2
v 10 5
v 11 2
v 12 5
v 13 6
v 14 4
v 15 3
v 16 3
v 17 6
v 18 2
v 19 3
v 20 6
e 0 5 39
e 0 10 36
e 0 14 55
e 0 18 57
e 0 19 19
e 0 20 40
e 0 1 54
e 1 10 3
e 1 12 19
e 1 13 32
e 1 14 58
e 1 16 42
e 1 17 47
e 1 18 17
e 1 19 61
e 1 20 0
e 2 9 4
e 3 4 22
e 3 5 34
e 3 6 43
e 3 7 7
e 3 8 14
e 3 9 7
e 3 10 48
e 3 11 0
e 3 12 28
e 3 13 41
e 3 20 4
e 4 5 62
e 4 6 16
e 4 9 59
e 4 12 9
e 4 13 14
e 4 19 64
e 5 6 32
e 5 9 14
e 5 10 29
e 5 12 2
e 5 16 16
e 5 17 11
e 6 9 2
e 6 12 12
e 7 8 0
e 7 11 4
e 10 19 61
e 14 16 42
e 14 18 42
e 15 16 50
e 15 20 46
e 17 20 15
t # 59
v 0 4
v 1 2
v 2 1
v 3 5
v 4 5
v 5 3
v 6 2
v 7 5
v 8 2
v 9 5
v 10 6
v 11 4
v 12 3
v 13 3
v 14 6
v 15 2
v 16 3
v 17 6
v 18 5
v 19 2
v 20 6
e 0 1 22
e 0 2 34
e 0 3 43
e 0 4 7
e 0 5 14
e 0 6 7
e 0 7 48
e 0 8 0
e 0 9 28
e 0 10 41
e 0 17 4
e 1 2 62
e 1 3 16
e 1 6 59
e 1 9 9
e 1 10 14
e 1 16 64
e 2 3 32
e 2 6 14
e 2 7 29
e 2 9 2
e 2 13 16
e 2 14 11
e 2 18 39
e 3 6 2
e 3 9 12
e 4 5 0
e 4 8 4
e 7 16 61
e 7 18 36
e 7 19 3
e 9 19 19
e 10 19 32
e 11 13 42
e 11 15 42
e 11 18 55
e 11 19 58
e 12 13 50
e 12 17 46
e 13 19 42
e 14 17 15
e 14 19 47
e 15 18 57
e 15 19 17
e 16 18 19
e 16 19 61
e 17 18 40
e 17 19 0
e 18 19 54
e 18 20 4
t # 60
v 0 4
v 1 2
v 2 1
v 3 5
v 4 5
v 5 3
v 6 2
v 7 5
v 8 2
v 9 5
v 10 6
v 11 4
v 12 3
v 13 3
v 14 6
v 15 2
v 16 3
v 17 6
v 18 5
v 19 2
e 0 1 22
e 0 2 34
e 0 3 43
e 0 4 7
e 0 5 14
e 0 6 7
e 0 7 48
e 0 8 0
e 0 9 28
e 0 10 41
e 0 17 4
e 1 2 62
e 1 3 16
e 1 6 59
e 1 9 9
e 1 10 14
e 1 16 64
e 2 3 32
e 2 6 14
e 2 7 29
e 2 9 2
e 2 13 16
e 2 14 11
e 2 18 39
e 3 6 2
e 3 9 12
e 4 5 0
e 4 8 4
e 7 16 61
e 7 18 36
e 7 19 3
e 9 19 19
e 10 19 32
e 11 13 42
e 11 15 42
e 11 18 55
e 11 19 58
e 12 13 50
e 12 17 46
e 13 19 42
e 14 17 15
e 14 19 47
e 15 18 57
e 15 19 17
e 16 18 19
e 16 19 61
e 17 18 40
e 17 19 0
e 18 19 54
t # 61
v 0 4
v 1 2
v 2 1
v 3 5
v 4 5
v 5 3
v 6 2
v 7 5
v 8 2
v 9 5
v 10 6
v 11 4
v 12 3
v 13 3
v 14 6
v 15 2
v 16 3
v 17 6
v 18 5
v 19 2
v 20 6
e 0 1 22
e 0 2 34
e 0 3 43
e 0 4 7
e 0 5 14
e 0 6 7
e 0 7 48
e 0 8 0
e 0 9 28
e 0 10 41
e 0 17 4
e 1 2 62
e 1 3 16
e 1 6 59
e 1 9 9
e 1 10 14
e 1 16 64
e 2 3 32
e 2 6 14
e 2 7 29
e 2 9 2
e 2 13 16
e 2 14 11
e 2 18 39
e 3 6 2
e 3 9 12
e 4 5 0
e 4 8 4
e 6 20 4
e 7 16 61
e 7 18 36
e 7 19 3
e 9 19 19
e 10 19 32
e 11 13 42
e 11 15 42
e 11 18 55
e 11 19 58
e 12 13 50
e 12 17 46
e 13 19 42
e 14 17 15
e 14 19 47
e 15 18 57
e 15 19 17
e 16 18 19
e 16 19 61
e 17 18 40
e 17 19 0
e 18 19 54
t # 62
v 0 4
v 1 2
v 2 1
v 3 5
v 4 5
v 5 3
v 6 2
v 7 5
v 8 2
v 9 5
v 10 6
v 11 4
v 12 3
v 13 3
v 14 6
v 15 2
v 16 3
v 17 6
v 18 5
v 19 2
e 0 1 22
e 0 2 34
e 0 3 43
e 0 4 7
e 0 5 14
e 0 6 7
e 0 7 48
e 0 8 0
e 0 9 28
e 0 10 41
e 0 17 4
e 1 2 62
e 1 3 16
e 1 6 59
e 1 9 9
e 1 10 14
e 1 16 64
e 2 3 32
e 2 6 14
e 2 7 29
e 2 9 2
e 2 13 16
e 2 14 11
e 2 18 39
e 3 6 2
e 3 9 12
e 4 5 0
e 4 8 4
e 7 16 61
e 7 18 36
e 7 19 3
e 9 19 19
e 10 19 32
e 11 13 42
e 11 15 42
e 11 18 55
e 11 19 58
e 12 13 50
e 12 17 46
e 13 19 42
e 14 17 15
e 14 19 47
e 15 18 57
e 15 19 17
e 16 18 19
e 16 19 61
e 17 18 40
e 17 19 0
e 18 19 54
t # 63
v 0 4
v 1 2
v 2 1
v 3 5
v 4 5
v 5 3
v 6 2
v 7 5
v 8 2
v 9 5
v 10 6
v 11 4
v 12 3
v 13 3
v 14 6
v 15 2
v 16 3
v 17 6
v 18 5
v 19 2
e 0 1 22
e 0 2 34
e 0 3 43
e 0 4 7
e 0 5 14
e 0 6 7
e 0 7 48
e 0 8 0
e 0 9 28
e 0 10 41
e 0 17 4
e 1 2 62
e 1 3 16
e 1 6 59
e 1 9 9
e 1 10 14
e 1 16 64
e 2 3 32
e 2 6 14
e 2 7 29
e 2 9 2
e 2 13 16
e 2 14 11
e 2 18 39
e 3 6 2
e 3 9 12
e 4 5 0
e 4 8 4
e 7 16 61
e 7 18 36
e 7 19 3
e 9 19 19
e 10 19 32
e 11 13 42
e 11 15 42
e 11 18 55
e 11 19 58
e 12 13 50
e 12 17 46
e 13 19 42
e 14 17 15
e 14 19 47
e 15 18 57
e 15 19 17
e 16 18 19
e 16 19 61
e 17 18 40
e 17 19 0
e 18 19 54
t # 64
v 0 6
v 1 2
v 2 3
v 3 6
v 4 5
v 5 2
v 6 4
v 7 2
v 8 1
v 9 5
v 10 5
v 11 3
v 12 2
v 13 5
v 14 2
v 15 5
v 16 6
v 17 4
v 18 3
v 19 3
e 0 8 11
e 0 3 15
e 0 5 47
e 1 17 42
e 1 4 57
e 1 5 17
e 2 7 64
e 2 13 61
e 2 4 19
e 2 5 61
e 3 6 4
e 3 18 46
e 3 4 40
e 3 5 0
e 4 8 39
e 4 13 36
e 4 17 55
e 4 5 54
e 5 13 3
e 5 15 19
e 5 16 32
e 5 17 58
e 5 19 42
e 6 7 22
e 6 8 34
e 6 9 43
e 6 10 7
e 6 11 14
e 6 12 7
e 6 13 48
e 6 14 0
e 6 15 28
e 6 16 41
e 7 8 62
e 7 9 16
e 7 12 59
e 7 15 9
e 7 16 14
e 8 9 32
e 8 12 14
e 8 13 29
e 8 15 2
e 8 19 16
e 9 12 2
e 9 15 12
e 10 11 0
e 10 14 4
e 17 19 42
e 18 19 50
t # 65
v 0 4
v 1 2
v 2 1
v 3 5
v 4 5
v 5 3
v 6 2
v 7 5
v 8 2
v 9 5
v 10 6
v 11 4
v 12 3
v 13 3
v 14 6
v 15 2
v 16 3
v 17 6
v 18 5
v 19 2
e 0 1 22
e 0 2 34
e 0 3 43
e 0 4 7
e 0 5 14
e 0 6 7
e 0 7 48
e 0 8 0
e 0 9 28
e 0 10 41
e 0 17 4
e 1 2 62
e 1 3 16
e 1 6 59
e 1 9 9
e 1 10 14
e 1 16 64
e 2 3 32
e 2 6 14
e 2 7 29
e 2 9 2
e 2 13 16
e 2 14 11
e 2 18 39
e 3 6 2
e 3 9 12
e 4 5 0
e 4 8 4
e 7 16 61
e 7 18 36
e 7 19 3
e 9 19 19
e 10 19 32
e 11 13 42
e 11 15 42
e 11 18 55
e 11 19 58
e 12 13 50
e 12 17 46
e 13 19 42
e 14 17 15
e 14 19 47
e 15 18 57
e 15 19 17
e 16 18 19
e 16 19 61
e 17 18 40
e 17 19 0
e 18 19 54
t # 66
v 0 4
v 1 2
v 2 1
v 3 5
v 4 5
v 5 3
v 6 2
v 7 5
v 8 2
v 9 5
v 10 6
v 11 4
v 12 3
v 13 3
v 14 6
v 15 2
v 16 3
v 17 6
v 18 5
v 19 2
v 20 6
e 0 1 22
e 0 2 34
e 0 3 43
e 0 4 7
e 0 5 14
e 0 6 7
e 0 7 48
e 0 8 0
e 0 9 28
e 0 10 41
e 0 17 4
e 1 2 62
e 1 3 16
e 1 6 59
e 1 9 9
e 1 10 14
e 1 16 64
e 2 3 32
e 2 6 14
e 2 7 29
e 2 9 2
e 2 13 16
e 2 14 11
e 2 18 39
e 3 6 2
e 3 9 12
e 4 5 0
e 4 8 4
e 7 16 61
e 7 18 36
e 7 19 3
e 9 19 19
e 10 19 32
e 11 13 42
e 11 15 42
e 11 18 55
e 11 19 58
e 12 13 50
e 12 17 46
e 13 19 42
e 14 17 15
e 14 19 47
e 14 20 44
e 15 18 57
e 15 19 17
e 16 18 19
e 16 19 61
e 17 18 40
e 17 19 0
e 18 19 54
t # 67
v 0 4
v 1 2
v 2 1
v 3 5
v 4 5
v 5 3
v 6 2
v 7 5
v 8 2
v 9 5
v 10 6
v 11 4
v 12 3
v 13 3
v 14 6
v 15 2
v 16 3
v 17 6
v 18 5
v 19 2
e 0 1 22
e 0 2 34
e 0 3 43
e 0 4 7
e 0 5 14
e 0 6 7
e 0 7 48
e 0 8 0
e 0 9 28
e 0 10 41
e 0 17 4
e 1 2 62
e 1 3 16
e 1 6 59
e 1 9 9
e 1 10 14
e 1 16 64
e 2 3 32
e 2 6 14
e 2 7 29
e 2 9 2
e 2 13 16
e 2 14 11
e 2 18 39
e 3 6 2
e 3 9 12
e 4 5 0
e 4 8 4
e 7 16 61
e 7 18 36
e 7 19 3
e 9 19 19
e 10 19 32
e 11 13 42
e 11 15 42
e 11 18 55
e 11 19 58
e 12 13 50
e 12 17 46
e 13 19 42
e 14 17 15
e 14 19 47
e 15 18 57
e 15 19 17
e 16 18 19
e 16 19 61
e 17 18 40
e 17 19 0
e 18 19 54
t # 68
v 0 4
v 1 2
v 2 1
v 3 5
v 4 5
v 5 3
v 6 2
v 7 5
v 8 2
v 9 5
v 10 6
v 11 4
v 12 3
v 13 3
v 14 6
v 15 2
v 16 3
v 17 6
v 18 5
v 19 2
e 0 1 22
e 0 2 34
e 0 3 43
e 0 4 7
e 0 5 14
e 0 6 7
e 0 7 48
e 0 8 0
e 0 9 28
e 0 10 41
e 0 17 4
e 1 2 62
e 1 3 16
e 1 6 59
e 1 9 9
e 1 10 14
e 1 16 64
e 2 3 32
e 2 6 14
e 2 7 29
e 2 9 2
e 2 13 16
e 2 14 11
e 2 18 39
e 3 6 2
e 3 9 12
e 4 5 0
e 4 8 4
e 7 16 61
e 7 18 36
e 7 19 3
e 9 19 19
e 10 19 32
e 11 13 42
e 11 15 42
e 11 18 55
e 11 19 58
e 12 13 50
e 12 17 46
e 13 19 42
e 14 17 15
e 14 19 47
e 15 18 57
e 15 19 17
e 16 18 19
e 16 19 61
e 17 18 40
e 17 19 0
e 18 19 54
t # 69
v 0 4
v 1 2
v 2 1
v 3 5
v 4 5
v 5 3
v 6 2
v 7 5
v 8 2
v 9 5
v 10 6
v 11 4
v 12 3
v 13 3
v 14 6
v 15 2
v 16 3
v 17 6
v 18 5
v 19 2
e 0 1 22
e 0 2 34
e 0 3 43
e 0 4 7
e 0 5 14
e 0 6 7
e 0 7 48
e 0 8 0
e 0 9 28
e 0 10 41
e 0 17 4
e 1 2 62
e 1 3 16
e 1 6 59
e 1 9 9
e 1 10 14
e 1 16 64
e 2 3 32
e 2 6 14
e 2 7 29
e 2 9 2
e 2 13 16
e 2 14 11
e 2 18 39
e 3 6 2
e 3 9 12
e 4 5 0
e 4 8 4
e 7 16 61
e 7 18 36
e 7 19 3
e 9 19 19
e 10 19 32
e 11 13 42
e 11 15 42
e 11 18 55
e 11 19 58
e 12 13 50
e 12 17 46
e 13 19 42
e 14 17 15
e 14 19 47
e 15 18 57
e 15 19 17
e 16 18 19
e 16 19 61
e 17 18 40
e 17 19 0
e 18 19 54
t # 70
v 0 3
v 1 3
v 2 6
v 3 2
v 4 3
v 5 6
v 6 5
v 7 2
v 8 4
v 9 2
v 10 1
v 11 5
v 12 5
v 13 3
v 14 2
v 15 5
v 16 2
v 17 5
v 18 6
v 19 4
e 0 1 50
e 0 5 46
e 1 10 16
e 1 19 42
e 1 7 42
e 2 10 11
e 2 5 15
e 2 7 47
e 3 19 42
e 3 6 57
e 3 7 17
e 4 9 64
e 4 15 61
e 4 6 19
e 4 7 61
e 5 8 4
e 5 6 40
e 5 7 0
e 6 10 39
e 6 15 36
e 6 19 55
e 6 7 54
e 7 15 3
e 7 17 19
e 7 18 32
e 7 19 58
e 8 9 22
e 8 10 34
e 8 11 43
e 8 12 7
e 8 13 14
e 8 14 7
e 8 15 48
e 8 16 0
e 8 17 28
e 8 18 41
e 9 10 62
e 9 11 16
e 9 14 59
e 9 17 9
e 9 18 14
e 10 11 32
e 10 14 14
e 10 15 29
e 10 17 2
e 11 14 2
e 11 17 12
e 12 13 0
e 12 16 4
t # 71
v 0 4
v 1 2
v 2 1
v 3 5
v 4 5
v 5 3
v 6 2
v 7 5
v 8 2
v 9 5
v 10 6
v 11 4
v 12 3
v 13 3
v 14 6
v 15 2
v 16 3
v 17 6
v 18 5
v 19 2
e 0 1 22
e 0 2 34
e 0 3 43
e 0 4 7
e 0 5 14
e 0 6 7
e 0 7 48
e 0 8 0
e 0 9 28
e 0 10 41
e 0 17 4
e 1 2 62
e 1 3 16
e 1 6 59
e 1 9 9
e 1 10 14
e 1 16 64
e 2 3 32
e 2 6 14
e 2 7 29
e 2 9 2
e 2 13 16
e 2 14 11
e 2 18 39
e 3 6 2
e 3 9 12
e 4 5 0
e 4 8 4
e 7 16 61
e 7 18 36
e 7 19 3
e 9 19 19
e 10 19 32
e 11 13 42
e 11 15 42
e 11 18 55
e 11 19 58
e 12 13 50
e 12 17 46
e 13 19 42
e 14 17 15
e 14 19 47
e 15 18 57
e 15 19 17
e 16 18 19
e 16 19 61
e 17 18 40
e 17 19 0
e 18 19 54
t # 72
v 0 4
v 1 2
v 2 1
v 3 5
v 4 5
v 5 3
v 6 2
v 7 5
v 8 2
v 9 5
v 10 6
v 11 4
v 12 3
v 13 3
v 14 6
v 15 2
v 16 3
v 17 6
v 18 5
v 19 2
e 0 1 22
e 0 2 34
e 0 3 43
e 0 4 7
e 0 5 14
e 0 6 7
e 0 7 48
e 0 8 0
e 0 9 28
e 0 10 41
e 0 17 4
e 1 2 62
e 1 3 16
e 1 6 59
e 1 9 9
e 1 10 14
e 1 16 64
e 2 3 32
e 2 6 14
e 2 7 29
e 2 9 2
e 2 13 16
e 2 14 11
e 2 18 39
e 3 6 2
e 3 9 12
e 4 5 0
e 4 8 4
e 7 16 61
e 7 18 36
e 7 19 3
e 9 19 19
e 10 19 32
e 11 13 42
e 11 15 42
e 11 18 55
e 11 19 58
e 12 13 50
e 12 17 46
e 13 19 42
e 14 17 15
e 14 19 47
e 15 18 57
e 15 19 17
e 16 18 19
e 16 19 61
e 17 18 40
e 17 19 0
e 18 19 54
t # 73
v 0 4
v 1 2
v 2 1
v 3 5
v 4 5
v 5 3
v 6 2
v 7 5
v 8 2
v 9 5
v 10 6
v 11 4
v 12 3
v 13 3
v 14 6
v 15 2
v 16 3
v 17 6
v 18 5
v 19 2
e 0 1 22
e 0 2 34
e 0 3 43
e 0 4 7
e 0 5 14
e 0 6 7
e 0 7 48
e 0 8 0
e 0 9 28
e 0 10 41
e 0 17 4
e 1 2 62
e 1 3 16
e 1 6 59
e 1 9 9
e 1 10 14
e 1 16 64
e 2 3 32
e 2 6 14
e 2 7 29
e 2 9 2
e 2 13 16
e 2 14 11
e 2 18 39
e 3 6 2
e 3 9 12
e 4 5 0
e 4 8 4
e 7 16 61
e 7 18 36
e 7 19 3
e 9 19 19
e 10 19 32
e 11 13 42
e 11 15 42
e 11 18 55
e 11 19 58
e 12 13 50
e 12 17 46
e 13 19 42
e 14 17 15
e 14 19 47
e 15 18 57
e 15 19 17
e 16 18 19
e 16 19 61
e 17 18 40
e 17 19 0
e 18 19 54
t # 74
v 0 4
v 1 2
v 2 1
v 3 5
v 4 5
v 5 3
v 6 2
v 7 5
v 8 2
v 9 5
v 10 6
v 11 4
v 12 3
v 13 3
v 14 6
v 15 2
v 16 3
v 17 6
v 18 5
v 19 2
e 0 1 22
e 0 2 34
e 0 3 43
e 0 4 7
e 0 5 14
e 0 6 7
e 0 7 48
e 0 8 0
e 0 9 28
e 0 10 41
e 0 17 4
e 1 2 62
e 1 3 16
e 1 6 59
e 1 9 9
e 1 10 14
e 1 16 64
e 2 3 32
e 2 6 14
e 2 7 29
e 2 9 2
e 2 13 16
e 2 14 11
e 2 18 39
e 3 6 2
e 3 9 12
e 4 5 0
e 4 8 4
e 7 16 61
e 7 18 36
e 7 19 3
e 9 19 19
e 10 19 32
e 11 13 42
e 11 15 42
e 11 18 55
e 11 19 58
e 12 13 50
e 12 17 46
e 13 19 42
e 14 17 15
e 14 19 47
e 15 18 57
e 15 19 17
e 16 18 19
e 16 19 61
e 17 18 40
e 17 19 0
e 18 19 54
t # 75
v 0 2
v 1 1
v 2 2
v 3 2
v 4 6
v 5 4
v 6 2
v 7 1
v 8 5
v 9 5
v 10 3
v 11 2
v 12 5
v 13 2
v 14 5
v 15 6
v 16 5
v 17 4
v 18 3
v 19 3
v 20 6
v 21 2
v 22 3
v 23 6
v 24 5
v 25 2
e 0 1 2
e 1 2 59
e 1 3 38
e 1 7 57
e 1 16 10
e 2 3 17
e 4 14 44
e 5 6 22
e 5 7 34
e 5 8 43
e 5 9 7
e 5 10 14
e 5 11 7
e 5 12 48
e 5 13 0
e 5 14 28
e 5 15 41
e 5 23 4
e 6 7 62
e 6 8 16
e 6 11 59
e 6 14 9
e 6 15 14
e 6 22 64
e 7 8 32
e 7 11 14
e 7 12 29
e 7 14 2
e 7 19 16
e 7 20 11
e 7 24 39
e 8 11 2
e 8 14 12
e 9 10 0
e 9 13 4
e 12 22 61
e 12 24 36
e 12 25 3
e 14 25 19
e 15 25 32
e 17 19 42
e 17 21 42
e 17 24 55
e 17 25 58
e 18 19 50
e 18 23 46
e 19 25 42
e 20 23 15
e 20 25 47
e 21 24 57
e 21 25 17
e 22 24 19
e 22 25 61
e 23 24 40
e 23 25 0
e 24 25 54
t # 76
v 0 2
v 1 5
v 2 6
v 3 4
v 4 3
v 5 3
v 6 6
v 7 2
v 8 3
v 9 6
v 10 5
v 11 2
v 12 6
v 13 4
v 14 2
v 15 1
v 16 5
v 17 5
v 18 3
v 19 2
v 20 5
e 0 13 0
e 0 17 4
e 1 13 28
e 1 14 9
e 1 15 2
e 1 16 12
e 1 11 19
e 2 13 41
e 2 14 14
e 2 11 32
e 3 5 42
e 3 7 42
e 3 10 55
e 3 11 58
e 4 5 50
e 4 9 46
e 5 15 16
e 5 11 42
e 6 15 11
e 6 9 15
e 6 11 47
e 7 10 57
e 7 11 17
e 8 14 64
e 8 20 61
e 8 10 19
e 8 11 61
e 9 13 4
e 9 10 40
e 9 11 0
e 10 15 39
e 10 20 36
e 10 11 54
e 11 20 3
e 12 19 44
e 13 14 22
e 13 15 34
e 13 16 43
e 13 17 7
e 13 18 14
e 13 19 7
e 13 20 48
e 14 15 62
e 14 16 16
e 14 19 59
e 15 16 32
e 15 19 14
e 15 20 29
e 16 19 2
e 17 18 0
t # 77
v 0 4
v 1 2
v 2 1
v 3 5
v 4 5
v 5 3
v 6 2
v 7 5
v 8 2
v 9 5
v 10 6
v 11 4
v 12 3
v 13 3
v 14 6
v 15 2
v 16 3
v 17 6
v 18 5
v 19 2
v 20 1
e 0 1 22
e 0 2 34
e 0 3 43
e 0 4 7
e 0 5 14
e 0 6 7
e 0 7 48
e 0 8 0
e 0 9 28
e 0 10 41
e 0 17 4
e 1 2 62
e 1 3 16
e 1 6 59
e 1 9 9
e 1 10 14
e 1 16 64
e 2 3 32
e 2 6 14
e 2 7 29
e 2 9 2
e 2 13 16
e 2 14 11
e 2 18 39
e 3 6 2
e 3 9 12
e 4 5 0
e 4 8 4
e 7 16 61
e 7 18 36
e 7 19 3
e 7 20 10
e 9 19 19
e 10 19 32
e 11 13 42
e 11 15 42
e 11 18 55
e 11 19 58
e 12 13 50
e 12 17 46
e 13 19 42
e 14 17 15
e 14 19 47
e 15 18 57
e 15 19 17
e 16 18 19
e 16 19 61
e 17 18 40
e 17 19 0
e 18 19 54
t # 78
v 0 4
v 1 2
v 2 1
v 3 5
v 4 5
v 5 3
v 6 2
v 7 5
v 8 2
v 9 5
v 10 6
v 11 4
v 12 3
v 13 3
v 14 6
v 15 2
v 16 3
v 17 6
v 18 5
v 19 2
v 20 1
e 0 1 22
e 0 2 34
e 0 3 43
e 0 4 7
e 0 5 14
e 0 6 7
e 0 7 48
e 0 8 0
e 0 9 28
e 0 10 41
e 0 17 4
e 1 2 62
e 1 3 16
e 1 6 59
e 1 9 9
e 1 10 14
e 1 16 64
e 2 3 32
e 2 6 14
e 2 7 29
e 2 9 2
e 2 13 16
e 2 14 11
e 2 18 39
e 3 6 2
e 3 9 12
e 4 5 0
e 4 8 4
e 7 16 61
e 7 18 36
e 7 19 3
e 9 19 19
e 10 19 32
e 11 13 42
e 11 15 42
e 11 18 55
e 11 19 58
e 12 13 50
e 12 17 46
e 13 19 42
e 14 17 15
e 14 19 47
e 15 18 57
e 15 19 17
e 16 18 19
e 16 19 61
e 17 18 40
e 17 19 0
e 18 19 54
e 18 20 2
t # 79
v 0 4
v 1 2
v 2 1
v 3 5
v 4 5
v 5 3
v 6 2
v 7 5
v 8 2
v 9 5
v 10 6
v 11 4
v 12 3
v 13 3
v 14 6
v 15 2
v 16 3
v 17 6
v 18 5
v 19 2
e 0 1 22
e 0 2 34
e 0 3 43
e 0 4 7
e 0 5 14
e 0 6 7
e 0 7 48
e 0 8 0
e 0 9 28
e 0 10 41
e 0 17 4
e 1 2 62
e 1 3 16
e 1 6 59
e 1 9 9
e 1 10 14
e 1 16 64
e 2 3 32
e 2 6 14
e 2 7 29
e 2 9 2
e 2 13 16
e 2 14 11
e 2 18 39
e 3 6 2
e 3 9 12
e 4 5 0
e 4 8 4
e 7 16 61
e 7 18 36
e 7 19 3
e 9 19 19
e 10 19 32
e 11 13 42
e 11 15 42
e 11 18 55
e 11 19 58
e 12 13 50
e 12 17 46
e 13 19 42
e 14 17 15
e 14 19 47
e 15 18 57
e 15 19 17
e 16 18 19
e 16 19 61
e 17 18 40
e 17 19 0
e 18 19 54
t # 80
v 0 4
v 1 2
v 2 1
v 3 5
v 4 6
v 5 5
v 6 2
v 7 5
v 8 3
v 9 5
v 10 6
v 11 4
v 12 3
v 13 2
v 14 3
v 15 6
v 16 2
v 17 3
v 18 6
v 19 5
v 20 2
e 0 1 22
e 0 2 34
e 0 3 43
e 0 5 7
e 0 8 14
e 0 6 7
e 0 7 48
e 0 13 0
e 0 9 28
e 0 10 41
e 0 18 4
e 1 2 62
e 1 3 16
e 1 6 59
e 1 9 9
e 1 10 14
e 1 17 64
e 2 3 32
e 2 6 14
e 2 7 29
e 2 9 2
e 2 14 16
e 2 15 11
e 2 19 39
e 3 6 2
e 3 9 12
e 4 19 4
e 5 8 0
e 5 13 4
e 7 17 61
e 7 19 36
e 7 20 3
e 9 20 19
e 10 20 32
e 11 14 42
e 11 16 42
e 11 19 55
e 11 20 58
e 12 14 50
e 12 18 46
e 14 20 42
e 15 18 15
e 15 20 47
e 16 19 57
e 16 20 17
e 17 19 19
e 17 20 61
e 18 19 40
e 18 20 0
e 19 20 54
t # 81
v 0 4
v 1 2
v 2 1
v 3 5
v 4 5
v 5 3
v 6 2
v 7 5
v 8 2
v 9 5
v 10 6
v 11 4
v 12 3
v 13 3
v 14 6
v 15 2
v 16 3
v 17 6
v 18 5
v 19 2
e 0 1 22
e 0 2 34
e 0 3 43
e 0 4 7
e 0 5 14
e 0 6 7
e 0 7 48
e 0 8 0
e 0 9 28
e 0 10 41
e 0 17 4
e 1 2 62
e 1 3 16
e 1 6 59
e 1 9 9
e 1 10 14
e 1 16 64
e 2 3 32
e 2 6 14
e 2 7 29
e 2 9 2
e 2 13 16
e 2 14 11
e 2 18 39
e 3 6 2
e 3 9 12
e 4 5 0
e 4 8 4
e 7 16 61
e 7 18 36
e 7 19 3
e 9 19 19
e 10 19 32
e 11 13 42
e 11 15 42
e 11 18 55
e 11 19 58
e 12 13 50
e 12 17 46
e 13 19 42
e 14 17 15
e 14 19 47
e 15 18 57
e 15 19 17
e 16 18 19
e 16 19 61
e 17 18 40
e 17 19 0
e 18 19 54
t # 82
v 0 5
v 1 3
v 2 2
v 3 5
v 4 2
v 5 5
v 6 6
v 7 4
v 8 3
v 9 3
v 10 6
v 11 2
v 12 3
v 13 6
v 14 5
v 15 2
v 16 6
v 17 4
v 18 2
v 19 1
v 20 5
e 0 17 7
e 0 1 0
e 0 4 4
e 1 17 14
e 2 17 7
e 2 18 59
e 2 19 14
e 2 20 2
e 3 17 48
e 3 19 29
e 3 12 61
e 3 14 36
e 3 15 3
e 4 17 0
e 5 17 28
e 5 18 9
e 5 19 2
e 5 20 12
e 5 15 19
e 6 17 41
e 6 18 14
e 6 15 32
e 7 9 42
e 7 11 42
e 7 14 55
e 7 15 58
e 8 9 50
e 8 13 46
e 9 19 16
e 9 15 42
e 9 16 4
e 10 19 11
e 10 13 15
e 10 15 47
e 11 14 57
e 11 15 17
e 12 18 64
e 12 14 19
e 12 15 61
e 13 17 4
e 13 14 40
e 13 15 0
e 14 19 39
e 14 15 54
e 17 18 22
e 17 19 34
e 17 20 43
e 18 19 62
e 18 20 16
e 19 20 32
t # 83
v 0 4
v 1 2
v 2 1
v 3 5
v 4 5
v 5 3
v 6 2
v 7 5
v 8 2
v 9 5
v 10 6
v 11 4
v 12 3
v 13 3
v 14 6
v 15 2
v 16 3
v 17 6
v 18 5
v 19 2
e 0 1 22
e 0 2 34
e 0 3 43
e 0 4 7
e 0 5 14
e 0 6 7
e 0 7 48
e 0 8 0
e 0 9 28
e 0 10 41
e 0 17 4
e 1 2 62
e 1 3 16
e 1 6 59
e 1 9 9
e 1 10 14
e 1 16 64
e 2 3 32
e 2 6 14
e 2 7 29
e 2 9 2
e 2 13 16
e 2 14 11
e 2 18 39
e 3 6 2
e 3 9 12
e 4 5 0
e 4 8 4
e 7 16 61
e 7 18 36
e 7 19 3
e 9 19 19
e 10 19 32
e 11 13 42
e 11 15 42
e 11 18 55
e 11 19 58
e 12 13 50
e 12 17 46
e 13 19 42
e 14 17 15
e 14 19 47
e 15 18 57
e 15 19 17
e 16 18 19
e 16 19 61
e 17 18 40
e 17 19 0
e 18 19 54
t # 84
v 0 4
v 1 2
v 2 1
v 3 5
v 4 5
v 5 3
v 6 2
v 7 5
v 8 2
v 9 5
v 10 6
v 11 4
v 12 3
v 13 3
v 14 6
v 15 2
v 16 3
v 17 6
v 18 5
v 19 2
e 0 1 22
e 0 2 34
e 0 3 43
e 0 4 7
e 0 5 14
e 0 6 7
e 0 7 48
e 0 8 0
e 0 9 28
e 0 10 41
e 0 17 4
e 1 2 62
e 1 3 16
e 1 6 59
e 1 9 9
e 1 10 14
e 1 16 64
e 2 3 32
e 2 6 14
e 2 7 29
e 2 9 2
e 2 13 16
e 2 14 11
e 2 18 39
e 3 6 2
e 3 9 12
e 4 5 0
e 4 8 4
e 7 16 61
e 7 18 36
e 7 19 3
e 9 19 19
e 10 19 32
e 10 17 44
e 11 13 42
e 11 15 42
e 11 18 55
e 11 19 58
e 12 13 50
e 12 17 46
e 13 19 42
e 14 17 15
e 14 19 47
e 15 18 57
e 15 19 17
e 16 18 19
e 16 19 61
e 17 18 40
e 17 19 0
e 18 19 54
t # 85
v 0 4
v 1 2
v 2 1
v 3 5
v 4 5
v 5 3
v 6 2
v 7 5
v 8 2
v 9 5
v 10 6
v 11 4
v 12 3
v 13 3
v 14 6
v 15 2
v 16 3
v 17 6
v 18 5
v 19 2
e 0 1 22
e 0 2 34
e 0 3 43
e 0 4 7
e 0 5 14
e 0 6 7
e 0 7 48
e 0 8 0
e 0 9 28
e 0 10 41
e 0 17 4
e 1 2 62
e 1 3 16
e 1 6 59
e 1 9 9
e 1 10 14
e 1 16 64
e 2 3 32
e 2 6 14
e 2 7 29
e 2 9 2
e 2 13 16
e 2 14 11
e 2 18 39
e 3 6 2
e 3 9 12
e 4 5 0
e 4 8 4
e 7 16 61
e 7 18 36
e 7 19 3
e 9 19 19
e 10 19 32
e 11 13 42
e 11 15 42
e 11 18 55
e 11 19 58
e 12 13 50
e 12 17 46
e 13 19 42
e 14 17 15
e 14 19 47
e 15 18 57
e 15 19 17
e 16 18 19
e 16 19 61
e 17 18 40
e 17 19 0
e 18 19 54
t # 86
v 0 4
v 1 2
v 2 1
v 3 5
v 4 5
v 5 3
v 6 2
v 7 5
v 8 2
v 9 5
v 10 6
v 11 4
v 12 3
v 13 3
v 14 6
v 15 2
v 16 3
v 17 6
v 18 5
v 19 2
e 0 1 22
e 0 2 34
e 0 3 43
e 0 4 7
e 0 5 14
e 0 6 7
e 0 7 48
e 0 8 0
e 0 9 28
e 0 10 41
e 0 17 4
e 1 2 62
e 1 3 16
e 1 6 59
e 1 9 9
e 1 10 14
e 1 16 64
e 2 3 32
e 2 6 14
e 2 7 29
e 2 9 2
e 2 13 16
e 2 14 11
e 2 18 39
e 3 6 2
e 3 9 12
e 4 5 0
e 4 8 4
e 7 16 61
e 7 18 36
e 7 19 3
e 9 19 19
e 10 19 32
e 11 13 42
e 11 15 42
e 11 18 55
e 11 19 58
e 12 13 50
e 12 17 46
e 13 19 42
e 14 17 15
e 14 19 47
e 15 18 57
e 15 19 17
e 16 18 19
e 16 19 61
e 17 18 40
e 17 19 0
e 18 19 54
t # 87
v 0 4
v 1 2
v 2 1
v 3 5
v 4 5
v 5 3
v 6 2
v 7 5
v 8 2
v 9 5
v 10 6
v 11 4
v 12 3
v 13 3
v 14 6
v 15 2
v 16 3
v 17 6
v 18 5
v 19 2
e 0 1 22
e 0 2 34
e 0 3 43
e 0 4 7
e 0 5 14
e 0 6 7
e 0 7 48
e 0 8 0
e 0 9 28
e 0 10 41
e 0 17 4
e 1 2 62
e 1 3 16
e 1 6 59
e 1 9 9
e 1 10 14
e 1 16 64
e 2 3 32
e 2 6 14
e 2 7 29
e 2 9 2
e 2 13 16
e 2 14 11
e 2 18 39
e 3 6 2
e 3 9 12
e 4 5 0
e 4 8 4
e 7 16 61
e 7 18 36
e 7 19 3
e 9 19 19
e 10 19 32
e 11 13 42
e 11 15 42
e 11 18 55
e 11 19 58
e 12 13 50
e 12 17 46
e 13 19 42
e 14 17 15
e 14 19 47
e 15 18 57
e 15 19 17
e 16 18 19
e 16 19 61
e 17 18 40
e 17 19 0
e 18 19 54
t # 88
v 0 4
v 1 2
v 2 1
v 3 5
v 4 5
v 5 3
v 6 2
v 7 5
v 8 2
v 9 5
v 10 6
v 11 4
v 12 3
v 13 3
v 14 6
v 15 2
v 16 3
v 17 6
v 18 5
v 19 2
e 0 1 22
e 0 2 34
e 0 3 43
e 0 4 7
e 0 5 14
e 0 6 7
e 0 7 48
e 0 8 0
e 0 9 28
e 0 10 41
e 0 17 4
e 1 2 62
e 1 3 16
e 1 6 59
e 1 9 9
e 1 10 14
e 1 16 64
e 2 3 32
e 2 6 14
e 2 7 29
e 2 9 2
e 2 13 16
e 2 14 11
e 2 18 39
e 3 6 2
e 3 9 12
e 4 5 0
e 4 8 4
e 7 16 61
e 7 18 36
e 7 19 3
e 9 19 19
e 10 19 32
e 11 13 42
e 11 15 42
e 11 18 55
e 11 19 58
e 12 13 50
e 12 17 46
e 13 19 42
e 14 17 15
e 14 19 47
e 15 18 57
e 15 19 17
e 16 18 19
e 16 19 61
e 17 18 40
e 17 19 0
e 18 19 54
t # 89
v 0 4
v 1 2
v 2 1
v 3 5
v 4 5
v 5 3
v 6 2
v 7 5
v 8 2
v 9 5
v 10 6
v 11 4
v 12 3
v 13 3
v 14 6
v 15 2
v 16 3
v 17 6
v 18 5
v 19 2
e 0 1 22
e 0 2 34
e 0 3 43
e 0 4 7
e 0 5 14
e 0 6 7
e 0 7 48
e 0 8 0
e 0 9 28
e 0 10 41
e 0 17 4
e 1 2 62
e 1 3 16
e 1 6 59
e 1 9 9
e 1 10 14
e 1 16 64
e 2 3 32
e 2 6 14
e 2 7 29
e 2 9 2
e 2 13 16
e 2 14 11
e 2 18 39
e 3 6 2
e 3 9 12
e 4 5 0
e 4 8 4
e 7 16 61
e 7 18 36
e 7 19 3
e 9 19 19
e 10 19 32
e 11 13 42
e 11 15 42
e 11 18 55
e 11 19 58
e 12 13 50
e 12 17 46
e 13 19 42
e 14 17 15
e 14 19 47
e 15 18 57
e 15 19 17
e 16 18 19
e 16 19 61
e 17 18 40
e 17 19 0
e 18 19 54
t # 90
v 0 4
v 1 2
v 2 1
v 3 5
v 4 5
v 5 3
v 6 2
v 7 5
v 8 2
v 9 5
v 10 6
v 11 4
v 12 3
v 13 3
v 14 6
v 15 2
v 16 3
v 17 6
v 18 5
v 19 2
e 0 1 22
e 0 2 34
e 0 3 43
e 0 4 7
e 0 5 14
e 0 6 7
e 0 7 48
e 0 8 0
e 0 9 28
e 0 10 41
e 0 17 4
e 1 2 62
e 1 3 16
e 1 6 59
e 1 9 9
e 1 10 14
e 1 16 64
e 2 3 32
e 2 6 14
e 2 7 29
e 2 9 2
e 2 13 16
e 2 14 11
e 2 18 39
e 3 6 2
e 3 9 12
e 4 5 0
e 4 8 4
e 7 16 61
e 7 18 36
e 7 19 3
e 9 19 19
e 10 19 32
e 11 13 42
e 11 15 42
e 11 18 55
e 11 19 58
e 12 13 50
e 12 17 46
e 13 19 42
e 14 17 15
e 14 19 47
e 15 18 57
e 15 19 17
e 16 18 19
e 16 19 61
e 17 18 40
e 17 19 0
e 18 19 54
t # 91
v 0 4
v 1 2
v 2 1
v 3 5
v 4 5
v 5 3
v 6 2
v 7 5
v 8 2
v 9 5
v 10 6
v 11 4
v 12 3
v 13 3
v 14 6
v 15 2
v 16 3
v 17 6
v 18 5
v 19 2
e 0 1 22
e 0 2 34
e 0 3 43
e 0 4 7
e 0 5 14
e 0 6 7
e 0 7 48
e 0 8 0
e 0 9 28
e 0 10 41
e 0 17 4
e 1 2 62
e 1 3 16
e 1 6 59
e 1 9 9
e 1 10 14
e 1 16 64
e 2 3 32
e 2 6 14
e 2 7 29
e 2 9 2
e 2 13 16
e 2 14 11
e 2 18 39
e 3 6 2
e 3 9 12
e 4 5 0
e 4 8 4
e 7 16 61
e 7 18 36
e 7 19 3
e 9 19 19
e 10 19 32
e 11 13 42
e 11 15 42
e 11 18 55
e 11 19 58
e 12 13 50
e 12 17 46
e 13 19 42
e 14 17 15
e 14 19 47
e 15 18 57
e 15 19 17
e 16 18 19
e 16 19 61
e 17 18 40
e 17 19 0
e 18 19 54
t # 92
v 0 4
v 1 2
v 2 1
v 3 5
v 4 5
v 5 3
v 6 2
v 7 5
v 8 2
v 9 5
v 10 6
v 11 4
v 12 3
v 13 3
v 14 6
v 15 2
v 16 3
v 17 6
v 18 5
v 19 2
e 0 1 22
e 0 2 34
e 0 3 43
e 0 4 7
e 0 5 14
e 0 6 7
e 0 7 48
e 0 8 0
e 0 9 28
e 0 10 41
e 0 17 4
e 1 2 62
e 1 3 16
e 1 6 59
e 1 9 9
e 1 10 14
e 1 16 64
e 2 3 32
e 2 6 14
e 2 7 29
e 2 9 2
e 2 13 16
e 2 14 11
e 2 18 39
e 3 6 2
e 3 9 12
e 4 5 0
e 4 8 4
e 7 16 61
e 7 18 36
e 7 19 3
e 9 19 19
e 10 19 32
e 11 13 42
e 11 15 42
e 11 18 55
e 11 19 58
e 12 13 50
e 12 17 46
e 13 19 42
e 14 17 15
e 14 19 47
e 15 18 57
e 15 19 17
e 16 18 19
e 16 19 61
e 17 18 40
e 17 19 0
e 18 19 54
t # 93
v 0 3
v 1 6
v 2 5
v 3 2
v 4 4
v 5 2
v 6 1
v 7 5
v 8 5
v 9 3
v 10 2
v 11 5
v 12 2
v 13 5
v 14 6
v 15 4
v 16 3
v 17 3
v 18 6
v 19 2
e 0 5 64
e 0 11 61
e 0 2 19
e 0 3 61
e 1 4 4
e 1 16 46
e 1 18 15
e 1 2 40
e 1 3 0
e 2 6 39
e 2 11 36
e 2 15 55
e 2 19 57
e 2 3 54
e 3 11 3
e 3 13 19
e 3 14 32
e 3 15 58
e 3 17 42
e 3 18 47
e 3 19 17
e 4 5 22
e 4 6 34
e 4 7 43
e 4 8 7
e 4 9 14
e 4 10 7
e 4 11 48
e 4 12 0
e 4 13 28
e 4 14 41
e 5 6 62
e 5 7 16
e 5 10 59
e 5 13 9
e 5 14 14
e 6 7 32
e 6 10 14
e 6 11 29
e 6 13 2
e 6 17 16
e 6 18 11
e 7 10 2
e 7 13 12
e 8 9 0
e 8 12 4
e 15 17 42
e 15 19 42
e 16 17 50
t # 94
v 0 4
v 1 2
v 2 1
v 3 5
v 4 5
v 5 3
v 6 2
v 7 5
v 8 2
v 9 5
v 10 6
v 11 4
v 12 3
v 13 3
v 14 6
v 15 2
v 16 3
v 17 6
v 18 5
v 19 2
e 0 1 22
e 0 2 34
e 0 3 43
e 0 4 7
e 0 5 14
e 0 6 7
e 0 7 48
e 0 8 0
e 0 9 28
e 0 10 41
e 0 17 4
e 1 2 62
e 1 3 16
e 1 6 59
e 1 9 9
e 1 10 14
e 1 16 64
e 2 3 32
e 2 6 14
e 2 7 29
e 2 9 2
e 2 13 16
e 2 14 11
e 2 18 39
e 3 6 2
e 3 9 12
e 4 5 0
e 4 8 4
e 7 16 61
e 7 18 36
e 7 19 3
e 9 19 19
e 10 19 32
e 11 13 42
e 11 15 42
e 11 18 55
e 11 19 58
e 12 13 50
e 12 17 46
e 13 19 42
e 14 17 15
e 14 19 47
e 15 18 57
e 15 19 17
e 16 18 19
e 16 19 61
e 17 18 40
e 17 19 0
e 18 19 54
t # 95
v 0 4
v 1 2
v 2 1
v 3 5
v 4 5
v 5 3
v 6 2
v 7 5
v 8 2
v 9 5
v 10 6
v 11 4
v 12 3
v 13 3
v 14 6
v 15 2
v 16 3
v 17 6
v 18 5
v 19 2
e 0 1 22
e 0 2 34
e 0 3 43
e 0 4 7
e 0 5 14
e 0 6 7
e 0 7 48
e 0 8 0
e 0 9 28
e 0 10 41
e 0 17 4
e 1 2 62
e 1 3 16
e 1 6 59
e 1 9 9
e 1 10 14
e 1 16 64
e 2 3 32
e 2 6 14
e 2 7 29
e 2 9 2
e 2 13 16
e 2 14 11
e 2 18 39
e 3 6 2
e 3 9 12
e 4 5 0
e 4 8 4
e 7 16 61
e 7 18 36
e 7 19 3
e 9 19 19
e 10 19 32
e 11 13 42
e 11 15 42
e 11 18 55
e 11 19 58
e 12 13 50
e 12 17 46
e 13 19 42
e 14 17 15
e 14 19 47
e 15 18 57
e 15 19 17
e 16 18 19
e 16 19 61
e 17 18 40
e 17 19 0
e 18 19 54
t # 96
v 0 4
v 1 2
v 2 1
v 3 5
v 4 5
v 5 3
v 6 2
v 7 5
v 8 2
v 9 5
v 10 6
v 11 4
v 12 3
v 13 3
v 14 6
v 15 2
v 16 3
v 17 6
v 18 5
v 19 2
e 0 1 22
e 0 2 34
e 0 3 43
e 0 4 7
e 0 5 14
e 0 6 7
e 0 7 48
e 0 8 0
e 0 9 28
e 0 10 41
e 0 17 4
e 1 2 62
e 1 3 16
e 1 6 59
e 1 9 9
e 1 10 14
e 1 16 64
e 2 3 32
e 2 6 14
e 2 7 29
e 2 9 2
e 2 13 16
e 2 14 11
e 2 18 39
e 3 6 2
e 3 9 12
e 4 5 0
e 4 8 4
e 7 16 61
e 7 18 36
e 7 19 3
e 9 19 19
e 10 19 32
e 11 13 42
e 11 15 42
e 11 18 55
e 11 19 58
e 12 13 50
e 12 17 46
e 13 19 42
e 14 17 15
e 14 19 47
e 15 18 57
e 15 19 17
e 16 18 19
e 16 19 61
e 17 18 40
e 17 19 0
e 18 19 54
t # 97
v 0 4
v 1 2
v 2 1
v 3 5
v 4 5
v 5 3
v 6 2
v 7 5
v 8 2
v 9 5
v 10 6
v 11 4
v 12 3
v 13 3
v 14 6
v 15 2
v 16 3
v 17 6
v 18 5
v 19 2
e 0 1 22
e 0 2 34
e 0 3 43
e 0 4 7
e 0 5 14
e 0 6 7
e 0 7 48
e 0 8 0
e 0 9 28
e 0 10 41
e 0 17 4
e 1 2 62
e 1 3 16
e 1 6 59
e 1 9 9
e 1 10 14
e 1 16 64
e 2 3 32
e 2 6 14
e 2 7 29
e 2 9 2
e 2 13 16
e 2 14 11
e 2 18 39
e 3 6 2
e 3 9 12
e 4 5 0
e 4 8 4
e 7 16 61
e 7 18 36
e 7 19 3
e 9 19 19
e 10 19 32
e 11 13 42
e 11 15 42
e 11 18 55
e 11 19 58
e 12 13 50
e 12 17 46
e 13 19 42
e 14 17 15
e 14 19 47
e 15 18 57
e 15 19 17
e 16 18 19
e 16 19 61
e 17 18 40
e 17 19 0
e 18 19 54
t # 98
v 0 4
v 1 2
v 2 1
v 3 5
v 4 5
v 5 3
v 6 2
v 7 5
v 8 2
v 9 5
v 10 6
v 11 4
v 12 3
v 13 1
v 14 3
v 15 6
v 16 2
v 17 3
v 18 6
v 19 5
v 20 2
e 0 1 22
e 0 2 34
e 0 3 43
e 0 4 7
e 0 5 14
e 0 6 7
e 0 7 48
e 0 8 0
e 0 9 28
e 0 10 41
e 0 18 4
e 1 2 62
e 1 3 16
e 1 6 59
e 1 9 9
e 1 10 14
e 1 17 64
e 2 3 32
e 2 6 14
e 2 7 29
e 2 9 2
e 2 14 16
e 2 15 11
e 2 19 39
e 3 6 2
e 3 9 12
e 4 5 0
e 4 8 4
e 6 13 10
e 7 17 61
e 7 19 36
e 7 20 3
e 9 20 19
e 10 20 32
e 11 14 42
e 11 16 42
e 11 19 55
e 11 20 58
e 12 14 50
e 12 18 46
e 13 16 59
e 13 20 38
e 14 20 42
e 15 18 15
e 15 20 47
e 16 19 57
e 16 20 17
e 17 19 19
e 17 20 61
e 18 19 40
e 18 20 0
e 19 20 54
t # 99
v 0 3
v 1 6
v 2 2
v 3 3
v 4 6
v 5 5
v 6 2
v 7 4
v 8 2
v 9 1
v 10 5
v 11 5
v 12 3
v 13 2
v 14 5
v 15 2
v 16 5
v 17 6
v 18 4
v 19 3
e 0 9 16
e 0 18 42
e 0 19 50
e 0 6 42
e 1 9 11
e 1 4 15
e 1 6 47
e 2 18 42
e 2 5 57
e 2 6 17
e 3 8 64
e 3 14 61
e 3 5 19
e 3 6 61
e 4 7 4
e 4 19 46
e 4 5 40
e 4 6 0
e 5 9 39
e 5 14 36
e 5 18 55
e 5 6 54
e 6 14 3
e 6 16 19
e 6 17 32
e 6 18 58
e 7 8 22
e 7 9 34
e 7 10 43
e 7 11 7
e 7 12 14
e 7 13 7
e 7 14 48
e 7 15 0
e 7 16 28
e 7 17 41
e 8 9 62
e 8 10 16
e 8 13 59
e 8 16 9
e 8 17 14
e 9 10 32
e 9 13 14
e 9 14 29
e 9 16 2
e 10 13 2
e 10 16 12
e 11 12 0
e 11 15 4
